::::::::100::::::::
205
224
573
586
630
955
1428
1758
2033
2189
2289
2296
2527
2675
2987
3083
3830
3890
5050
5261
6592
7028
7054
7204
7517
8062
8237
8505
9965
10322
10592
11480
11646
12207
12220
12488
12777
12965
13130
13167
13554
13723
13986
14138
14596
15060
15713
16348
16626
16700
17011
17185
17321
18374
18719
18857
19095
19393
19458
19532
20195
20738
21736
21853
22004
22961
23110
23178
23333
23469
23611
24019
24146
24595
25179
25222
25291
25794
25854
26310
26621
26674
27101
27161
27172
27383
27407
27575
28250
28353
28444
29186
29360
29769
30340
30423
30448
30781
30928
31817
::::::::500::::::::
25
68
92
120
163
437
486
577
583
583
608
620
635
642
823
829
863
936
969
1059
1074
1114
1265
1629
1659
1714
1774
1814
1937
2003
2051
2085
2118
2206
2297
2386
2397
2408
2413
2527
2591
2655
2667
2758
2829
2921
3066
3131
3237
3315
3553
3554
3568
3697
4040
4088
4113
4144
4160
4253
4267
4292
4338
4374
4411
4445
4600
4659
4691
4779
4790
4823
4993
5012
5013
5099
5115
5224
5252
5409
5659
5671
5690
5711
5775
5894
5918
6043
6104
6109
6196
6274
6295
6341
6349
6448
6462
6575
6658
6725
6729
6741
6753
6791
6830
6862
6975
6991
6997
7115
7187
7199
7215
7263
7295
7382
7520
7580
7601
7608
7612
7629
7713
7745
7909
7994
8035
8187
8321
8415
8628
8674
8779
8790
8815
8847
8872
8909
8940
8953
9058
9076
9174
9283
9356
9453
9492
9518
9566
9637
9651
9667
9782
9850
9873
9878
9879
9885
10116
10151
10256
10329
10356
10457
10473
10495
10519
10585
10637
10705
10714
10715
10940
11010
11020
11042
11067
11069
11119
11164
11174
11401
11606
11626
11678
11709
11776
11902
12013
12033
12131
12164
12322
12379
12425
12443
12558
12568
12579
12598
12616
12668
12692
12793
12818
12905
12990
13021
13050
13149
13228
13248
13303
13306
13381
13412
13415
13460
13471
13473
13518
13535
13588
13651
13946
13957
14010
14047
14216
14415
14423
14450
14605
14612
14660
14705
14805
14918
14933
14998
15017
15054
15100
15254
15271
15352
15373
15516
15567
15596
15641
15714
15728
16016
16080
16176
16180
16230
16385
16395
16443
16573
16704
16822
16880
16903
16980
17018
17251
17283
17289
17343
17619
17659
17733
17786
17901
17919
18053
18110
18112
18137
18154
18199
18238
18381
18395
18439
18612
18724
18753
18798
18825
19014
19080
19143
19244
19269
19360
19380
19383
19608
19628
19831
19853
20027
20037
20080
20212
20220
20306
20361
20418
20443
20518
20591
20718
20782
20847
20859
20974
20994
20996
21246
21433
21496
21591
21616
21656
21727
21776
21809
21941
21989
22093
22170
22220
22251
22344
22428
22431
22456
22476
22480
22507
22591
22672
22676
22707
22853
22860
22867
22883
22914
22971
23117
23189
23259
23284
23284
23346
23427
23545
23575
23605
23656
23663
23677
23704
23708
23900
23956
24043
24054
24101
24134
24143
24223
24261
24370
24605
24621
24864
24870
24947
24952
24964
24970
24979
25020
25158
25234
25313
25521
25721
25927
26083
26155
26212
26256
26362
26545
26585
26595
26606
26664
26751
26751
26861
26926
26954
26955
27051
27409
27445
27467
27471
27504
27539
27649
27732
27806
27820
27981
28034
28416
28436
28682
28698
28740
28762
28768
28818
28874
28974
28990
29007
29289
29334
29390
29408
29445
29461
29498
29502
29520
29557
29645
29665
29668
29878
30026
30229
30292
30324
30422
30549
30613
30697
30725
30792
30861
30924
30931
30959
30972
30973
30998
31068
31109
31128
31130
31181
31235
31264
31300
31329
31400
31694
31888
32004
32029
32084
32122
32158
32228
32235
32280
32281
32310
32328
32349
32366
32448
32449
32542
32568
32659
32663
32758
::::::::1000::::::::
25
50
78
88
157
186
193
222
232
270
273
309
364
384
395
428
470
511
515
541
545
570
578
620
711
723
737
752
761
789
851
918
950
975
1010
1056
1097
1158
1168
1180
1182
1184
1188
1257
1265
1268
1314
1368
1385
1435
1464
1491
1536
1618
1623
1642
1652
1653
1719
1720
1832
1966
2077
2079
2093
2110
2113
2158
2205
2217
2219
2262
2286
2303
2347
2379
2414
2429
2434
2444
2523
2545
2624
2723
2728
2768
2796
2835
2875
2922
2934
2937
2984
2993
3025
3052
3055
3056
3070
3091
3096
3110
3222
3230
3239
3332
3347
3350
3360
3375
3392
3417
3426
3446
3468
3487
3518
3524
3535
3537
3560
3606
3680
3833
3865
3877
3895
3898
3974
3984
4055
4153
4157
4171
4222
4229
4282
4285
4359
4381
4391
4443
4468
4482
4490
4604
4619
4663
4702
4705
4713
4800
4807
4808
4839
4841
4855
4869
4906
4948
4949
4969
5002
5010
5047
5101
5110
5120
5124
5126
5148
5192
5207
5329
5447
5466
5515
5534
5573
5606
5612
5646
5648
5656
5668
5671
5758
5761
5805
5826
5865
5904
5917
5960
6067
6088
6091
6103
6134
6139
6153
6173
6254
6340
6349
6396
6402
6411
6468
6492
6508
6512
6530
6542
6552
6561
6590
6619
6648
6689
6726
6770
6812
6816
6855
6856
7031
7036
7061
7111
7119
7215
7251
7263
7389
7491
7510
7590
7604
7634
7638
7761
7826
7842
7849
7905
7913
7934
7945
8016
8026
8131
8182
8194
8266
8405
8414
8416
8422
8447
8529
8592
8635
8644
8647
8657
8691
8697
8706
8715
8718
8764
8777
8787
8827
8831
9004
9008
9051
9068
9140
9152
9184
9184
9194
9198
9204
9229
9258
9336
9372
9384
9390
9405
9437
9443
9498
9507
9528
9531
9572
9605
9643
9722
9751
9762
9793
9835
9835
9879
9889
9942
10012
10038
10117
10141
10143
10275
10341
10352
10404
10422
10441
10459
10463
10465
10496
10633
10672
10713
10785
10802
10807
10833
10840
10862
10867
10875
10881
10889
10910
10910
10922
10956
11013
11138
11145
11154
11205
11307
11352
11457
11565
11783
11806
11815
11849
11922
11943
11958
11996
12016
12031
12048
12059
12104
12154
12163
12176
12219
12225
12226
12235
12251
12295
12303
12324
12372
12382
12386
12415
12423
12431
12432
12538
12567
12580
12609
12620
12621
12666
12674
12835
12848
12895
12911
12975
13068
13074
13084
13126
13158
13189
13282
13309
13349
13356
13392
13440
13444
13450
13451
13477
13498
13527
13635
13664
13666
13686
13705
13754
13783
13797
13841
13844
13847
13879
13888
13905
13909
13946
13955
13956
13974
14117
14121
14243
14260
14285
14304
14383
14460
14461
14521
14582
14620
14724
14734
14775
14882
14899
14917
15017
15094
15124
15125
15158
15227
15332
15367
15373
15485
15538
15641
15652
15684
15686
15708
15739
15908
15959
15968
15984
15987
16037
16059
16070
16094
16149
16161
16163
16172
16187
16207
16212
16294
16303
16327
16371
16398
16430
16448
16449
16450
16456
16459
16562
16584
16602
16625
16630
16718
16769
16829
16831
16905
16911
17014
17017
17044
17056
17063
17086
17252
17273
17297
17299
17375
17381
17388
17452
17496
17497
17516
17559
17613
17617
17636
17656
17723
17738
17747
17850
17918
17926
18021
18086
18089
18112
18224
18274
18426
18446
18454
18495
18511
18555
18563
18569
18570
18570
18616
18623
18631
18659
18667
18729
18745
18747
18803
18836
18883
18946
18963
18995
18995
19037
19045
19056
19057
19071
19072
19096
19153
19160
19200
19219
19298
19302
19387
19442
19444
19476
19504
19513
19538
19588
19623
19648
19659
19663
19670
19737
19753
19763
19764
19839
19954
19968
19985
20006
20111
20182
20187
20223
20256
20312
20314
20332
20336
20345
20363
20376
20380
20468
20470
20472
20475
20518
20553
20576
20590
20628
20629
20660
20697
20742
20759
20764
20794
20797
20846
20883
21001
21038
21054
21098
21162
21196
21214
21245
21251
21331
21341
21365
21395
21422
21437
21443
21455
21475
21532
21555
21568
21575
21578
21589
21637
21716
21747
21796
21817
21825
21838
21838
21905
21907
21922
21927
21933
21939
22016
22130
22175
22181
22185
22197
22198
22198
22227
22266
22283
22367
22486
22568
22570
22584
22606
22695
22708
22716
22802
22807
22850
22860
22863
22868
22869
22877
22885
22921
22979
23032
23034
23047
23156
23222
23266
23286
23293
23357
23358
23382
23392
23427
23428
23451
23477
23500
23542
23545
23547
23590
23592
23643
23666
23732
23745
23753
23770
23928
23961
23981
23991
23996
24008
24023
24061
24085
24150
24211
24265
24322
24331
24427
24470
24526
24604
24634
24673
24724
24729
24739
24809
24812
24858
24880
24980
24981
24991
25027
25029
25037
25097
25129
25135
25152
25218
25222
25303
25315
25340
25346
25405
25452
25469
25501
25524
25644
25684
25720
25730
25749
25772
25799
25859
25864
25884
25895
25917
25947
25987
26005
26024
26041
26044
26091
26095
26133
26286
26350
26377
26412
26433
26646
26660
26701
26713
26754
26758
26761
26765
26788
26880
26914
26919
26922
26931
26977
27050
27075
27169
27189
27196
27204
27212
27216
27236
27319
27347
27404
27457
27487
27518
27559
27584
27598
27605
27622
27644
27653
27673
27861
27866
27921
27932
27938
27965
27999
28016
28022
28033
28135
28136
28142
28151
28179
28200
28242
28275
28281
28312
28321
28341
28348
28398
28416
28452
28470
28485
28495
28498
28549
28569
28575
28644
28661
28686
28700
28772
28832
28849
28856
28903
28904
28959
28993
29006
29080
29104
29211
29225
29265
29269
29278
29325
29378
29449
29455
29499
29531
29557
29564
29567
29578
29588
29663
29703
29719
29779
29802
29827
29874
29919
29939
29968
29987
30052
30084
30088
30176
30299
30305
30314
30362
30481
30500
30532
30607
30625
30644
30722
30725
30733
30744
30787
30804
30809
30824
30830
30838
30844
30885
30899
30903
30967
31025
31034
31049
31056
31062
31070
31071
31127
31142
31166
31186
31263
31292
31342
31356
31372
31399
31429
31441
31482
31541
31562
31582
31603
31652
31706
31742
31754
31781
31782
31875
31897
31900
31967
32010
32018
32097
32189
32234
32251
32292
32324
32358
32394
32443
32507
32547
32553
32620
32664
32686
32693
32734
32766
::::::::5000::::::::
6
10
20
34
45
46
47
52
60
66
66
73
73
90
92
96
97
100
107
116
128
132
140
147
162
163
166
170
172
177
180
184
187
190
192
198
201
203
212
216
219
220
220
224
227
247
249
251
255
258
264
271
276
290
292
294
317
321
323
326
330
333
335
340
349
354
360
361
390
391
405
408
413
413
416
420
438
440
454
456
456
457
460
465
467
468
468
472
485
492
506
509
517
549
556
565
571
575
594
607
616
617
622
622
627
642
652
654
655
683
685
702
715
736
743
744
744
750
765
770
779
790
791
805
805
809
812
817
833
837
854
855
858
866
871
877
880
903
909
913
923
928
935
951
951
965
975
978
979
985
990
994
1004
1016
1026
1026
1026
1030
1035
1039
1040
1043
1061
1065
1068
1069
1094
1095
1098
1111
1111
1115
1135
1147
1147
1148
1150
1158
1159
1192
1194
1198
1207
1208
1212
1213
1217
1217
1231
1235
1239
1244
1245
1246
1253
1256
1261
1265
1265
1268
1273
1284
1293
1296
1297
1300
1307
1308
1312
1323
1327
1329
1329
1335
1348
1349
1351
1361
1363
1366
1367
1373
1375
1386
1392
1404
1407
1428
1442
1463
1467
1470
1475
1485
1489
1509
1520
1520
1525
1526
1544
1550
1561
1563
1572
1576
1581
1582
1582
1585
1587
1588
1589
1604
1627
1641
1647
1649
1660
1671
1673
1674
1686
1686
1692
1697
1701
1702
1710
1711
1712
1715
1719
1729
1730
1734
1740
1767
1776
1780
1790
1805
1806
1815
1818
1824
1828
1835
1845
1853
1875
1899
1901
1905
1912
1913
1943
1952
1959
1966
1970
1973
1975
1986
2002
2008
2020
2032
2040
2043
2044
2053
2062
2072
2073
2093
2093
2111
2115
2124
2134
2141
2147
2150
2155
2157
2184
2192
2202
2218
2232
2233
2233
2241
2269
2271
2277
2285
2286
2294
2294
2309
2320
2328
2338
2340
2343
2353
2360
2369
2370
2376
2381
2386
2394
2395
2397
2406
2410
2416
2424
2435
2438
2440
2443
2451
2453
2464
2465
2470
2476
2478
2481
2482
2485
2493
2500
2529
2535
2545
2554
2561
2584
2588
2591
2600
2611
2622
2624
2633
2658
2679
2683
2691
2692
2694
2697
2698
2708
2720
2730
2738
2748
2748
2757
2758
2767
2776
2784
2789
2796
2798
2802
2803
2817
2826
2827
2833
2833
2838
2839
2847
2848
2853
2854
2857
2864
2870
2887
2892
2898
2914
2921
2968
2969
2970
2976
2988
2999
3012
3017
3020
3032
3033
3036
3039
3044
3056
3058
3064
3080
3090
3116
3120
3120
3130
3143
3165
3166
3176
3187
3197
3199
3207
3211
3214
3217
3220
3229
3240
3251
3280
3288
3291
3293
3297
3304
3307
3309
3310
3311
3313
3321
3324
3331
3333
3334
3336
3345
3348
3360
3363
3372
3375
3376
3378
3385
3392
3392
3406
3416
3420
3421
3444
3445
3452
3458
3462
3463
3464
3470
3473
3481
3488
3494
3497
3498
3500
3505
3506
3510
3513
3519
3531
3537
3542
3561
3565
3569
3570
3573
3576
3576
3589
3597
3618
3640
3641
3670
3690
3691
3699
3716
3718
3725
3725
3736
3738
3742
3742
3754
3754
3775
3788
3794
3803
3804
3806
3811
3812
3823
3832
3842
3854
3860
3873
3886
3887
3897
3903
3905
3906
3910
3911
3922
3938
3943
3948
3949
3950
3950
3952
3953
3968
3978
3979
3991
3996
4007
4018
4020
4024
4031
4032
4036
4039
4040
4047
4053
4062
4067
4068
4092
4098
4102
4106
4107
4109
4116
4120
4145
4154
4156
4161
4161
4190
4190
4205
4207
4219
4225
4234
4253
4255
4256
4260
4266
4278
4281
4298
4307
4320
4327
4330
4344
4349
4367
4383
4388
4389
4396
4399
4413
4415
4417
4423
4424
4428
4442
4450
4451
4451
4456
4465
4486
4488
4496
4504
4508
4513
4520
4529
4530
4541
4545
4570
4586
4587
4590
4602
4608
4615
4618
4621
4628
4632
4633
4644
4644
4650
4650
4678
4683
4687
4687
4690
4729
4735
4755
4763
4764
4771
4773
4775
4782
4785
4797
4797
4801
4809
4814
4819
4821
4827
4827
4845
4854
4865
4868
4870
4870
4872
4878
4880
4890
4890
4892
4898
4910
4911
4913
4922
4933
4934
4936
4938
4950
4969
4970
4986
4996
5012
5014
5016
5025
5034
5038
5051
5058
5062
5071
5081
5083
5084
5084
5085
5086
5087
5092
5101
5109
5109
5115
5117
5118
5120
5121
5123
5141
5142
5144
5164
5168
5168
5170
5174
5179
5189
5198
5209
5224
5230
5238
5259
5300
5304
5309
5327
5330
5335
5341
5354
5358
5362
5363
5375
5376
5416
5423
5424
5426
5451
5477
5500
5505
5515
5529
5534
5553
5572
5580
5581
5583
5593
5594
5601
5602
5617
5631
5632
5655
5658
5660
5663
5667
5671
5687
5691
5698
5700
5703
5707
5723
5730
5740
5744
5746
5751
5765
5766
5769
5785
5789
5807
5809
5815
5823
5828
5833
5835
5837
5839
5839
5859
5873
5878
5879
5898
5901
5904
5910
5927
5927
5929
5940
5942
5953
5973
5982
5983
5989
6003
6005
6037
6038
6054
6054
6065
6090
6095
6101
6111
6119
6124
6126
6131
6131
6139
6149
6155
6173
6175
6177
6184
6189
6213
6215
6222
6228
6237
6237
6239
6247
6252
6255
6260
6264
6266
6297
6303
6316
6317
6320
6322
6322
6327
6335
6345
6348
6349
6356
6366
6383
6385
6386
6386
6397
6408
6417
6423
6426
6427
6430
6433
6436
6443
6443
6444
6444
6445
6446
6447
6447
6448
6451
6453
6476
6476
6494
6531
6537
6541
6546
6552
6552
6556
6571
6577
6579
6588
6597
6598
6598
6600
6601
6605
6608
6610
6613
6617
6621
6640
6646
6653
6688
6699
6710
6712
6715
6718
6719
6730
6738
6738
6742
6757
6769
6784
6797
6799
6801
6808
6814
6816
6818
6829
6832
6842
6848
6848
6858
6863
6868
6871
6888
6893
6894
6900
6905
6908
6910
6914
6916
6924
6933
6943
6949
6951
6966
6966
6968
6973
6980
6981
6997
7008
7011
7011
7013
7026
7031
7034
7047
7048
7051
7060
7074
7083
7085
7093
7096
7099
7111
7113
7137
7154
7157
7167
7178
7180
7180
7182
7185
7186
7187
7194
7198
7204
7207
7211
7216
7225
7233
7236
7238
7239
7241
7247
7251
7258
7270
7272
7273
7274
7296
7301
7316
7327
7328
7328
7328
7336
7340
7340
7346
7350
7357
7367
7374
7375
7383
7385
7397
7401
7401
7410
7410
7415
7423
7436
7444
7447
7447
7451
7455
7457
7463
7470
7477
7478
7499
7516
7519
7526
7527
7530
7537
7547
7564
7573
7581
7586
7621
7628
7630
7638
7645
7649
7653
7656
7668
7678
7680
7681
7683
7693
7696
7702
7708
7715
7724
7727
7727
7728
7734
7744
7749
7771
7781
7781
7792
7797
7797
7800
7807
7810
7819
7827
7828
7834
7837
7851
7853
7869
7875
7879
7885
7891
7898
7909
7912
7923
7923
7931
7943
7952
7958
7962
7967
7972
7995
8003
8003
8012
8012
8018
8021
8028
8028
8028
8032
8038
8042
8050
8055
8060
8069
8069
8075
8104
8116
8123
8132
8132
8139
8150
8156
8190
8193
8194
8207
8209
8213
8221
8224
8228
8231
8233
8235
8243
8249
8259
8283
8287
8289
8295
8297
8304
8306
8314
8323
8329
8334
8334
8342
8350
8352
8355
8366
8373
8374
8376
8379
8384
8387
8388
8389
8389
8392
8409
8410
8410
8437
8440
8449
8462
8469
8479
8482
8498
8503
8511
8516
8522
8527
8539
8542
8547
8551
8558
8568
8575
8592
8606
8612
8615
8618
8619
8636
8648
8654
8655
8666
8667
8667
8674
8680
8705
8708
8712
8713
8720
8750
8754
8765
8768
8795
8800
8809
8809
8809
8814
8816
8822
8823
8836
8839
8847
8851
8854
8864
8865
8865
8871
8875
8879
8898
8911
8915
8917
8920
8937
8942
8945
8949
8951
8962
8962
8964
8968
8975
8977
8998
9002
9003
9006
9007
9010
9023
9025
9031
9055
9055
9058
9062
9065
9080
9086
9094
9095
9095
9099
9106
9109
9115
9116
9117
9127
9141
9143
9145
9148
9153
9154
9156
9158
9163
9163
9194
9216
9218
9218
9220
9220
9231
9232
9232
9235
9241
9244
9258
9276
9277
9290
9293
9303
9314
9314
9319
9319
9327
9329
9348
9352
9352
9355
9357
9362
9363
9366
9368
9380
9383
9387
9393
9395
9396
9402
9403
9407
9432
9436
9439
9440
9441
9450
9461
9471
9473
9475
9479
9483
9489
9491
9509
9510
9528
9544
9550
9554
9559
9564
9573
9574
9575
9583
9585
9590
9624
9638
9641
9643
9668
9670
9694
9697
9705
9708
9712
9726
9750
9753
9757
9761
9762
9788
9789
9796
9799
9800
9802
9809
9810
9810
9815
9825
9826
9833
9837
9848
9849
9851
9859
9860
9867
9872
9885
9889
9890
9899
9905
9905
9910
9916
9919
9928
9943
9944
9952
9960
9960
9963
9970
9970
9985
9987
10001
10007
10017
10034
10038
10038
10040
10041
10045
10063
10069
10074
10079
10079
10087
10092
10100
10105
10123
10124
10130
10131
10132
10135
10143
10146
10148
10149
10158
10161
10178
10190
10190
10192
10197
10229
10231
10234
10246
10251
10261
10264
10265
10266
10267
10291
10292
10294
10298
10307
10320
10323
10326
10351
10363
10365
10370
10380
10390
10405
10411
10412
10417
10452
10477
10477
10487
10488
10489
10492
10506
10511
10512
10514
10515
10517
10522
10527
10532
10560
10562
10566
10574
10580
10584
10585
10591
10596
10619
10622
10624
10627
10628
10632
10635
10641
10666
10669
10686
10695
10697
10698
10700
10704
10706
10711
10720
10723
10735
10737
10740
10748
10750
10751
10755
10756
10778
10796
10797
10803
10806
10806
10811
10822
10833
10838
10841
10849
10871
10872
10881
10882
10887
10900
10901
10912
10928
10928
10929
10934
10939
10940
10940
10943
10945
10947
10950
10951
10953
10954
10959
10961
10962
10962
10966
10966
10968
10976
10976
10981
10990
10991
11002
11021
11025
11030
11033
11041
11048
11053
11054
11055
11065
11075
11076
11081
11083
11083
11102
11103
11107
11123
11126
11135
11137
11159
11164
11171
11175
11188
11191
11197
11198
11204
11226
11231
11233
11234
11250
11261
11285
11286
11302
11308
11312
11313
11340
11344
11348
11349
11350
11353
11355
11357
11358
11383
11388
11424
11427
11431
11467
11467
11483
11488
11492
11500
11510
11510
11516
11523
11523
11540
11543
11546
11549
11551
11552
11553
11553
11561
11565
11568
11569
11569
11595
11598
11604
11609
11615
11616
11622
11624
11626
11627
11643
11645
11667
11670
11670
11675
11679
11690
11695
11705
11723
11741
11743
11743
11751
11758
11764
11765
11774
11794
11795
11801
11806
11822
11825
11850
11852
11852
11854
11856
11858
11861
11880
11898
11908
11909
11910
11910
11913
11930
11937
11938
11943
11964
11966
11974
11988
12011
12013
12016
12017
12021
12028
12029
12030
12031
12031
12033
12033
12038
12038
12059
12059
12068
12072
12077
12101
12103
12105
12108
12125
12129
12131
12134
12135
12138
12145
12145
12145
12148
12160
12166
12167
12174
12174
12179
12188
12188
12196
12239
12250
12250
12251
12254
12266
12269
12273
12283
12290
12302
12307
12312
12317
12335
12346
12354
12356
12365
12369
12374
12377
12378
12381
12383
12385
12397
12398
12399
12421
12448
12452
12468
12475
12477
12481
12481
12483
12488
12490
12499
12509
12517
12561
12572
12574
12581
12581
12593
12593
12599
12605
12617
12617
12627
12631
12638
12658
12664
12668
12668
12690
12690
12692
12701
12710
12717
12728
12732
12733
12738
12741
12747
12749
12751
12753
12759
12761
12763
12770
12773
12794
12796
12805
12806
12811
12814
12816
12823
12824
12846
12848
12859
12861
12882
12889
12893
12904
12914
12915
12920
12932
12933
12941
12950
12955
12959
12970
12983
12984
12990
12993
12999
13003
13013
13015
13031
13033
13034
13041
13041
13044
13045
13050
13060
13065
13075
13105
13107
13123
13126
13149
13156
13161
13168
13171
13184
13185
13195
13195
13206
13210
13243
13246
13249
13260
13263
13266
13296
13320
13321
13321
13332
13356
13371
13390
13398
13399
13405
13410
13415
13421
13427
13429
13439
13443
13449
13462
13463
13476
13479
13479
13479
13502
13531
13539
13541
13544
13550
13563
13571
13572
13579
13586
13593
13596
13598
13614
13615
13617
13621
13623
13628
13629
13630
13643
13644
13658
13669
13669
13690
13691
13695
13697
13699
13714
13721
13735
13740
13741
13751
13757
13768
13770
13772
13796
13801
13810
13818
13832
13832
13846
13850
13852
13858
13863
13864
13871
13883
13890
13892
13905
13908
13912
13919
13921
13924
13926
13927
13931
13932
13932
13938
13940
13942
13945
13963
13965
13979
13981
13981
13987
13991
14001
14004
14009
14010
14014
14014
14016
14034
14037
14040
14041
14048
14050
14055
14060
14062
14063
14064
14066
14080
14083
14098
14107
14110
14123
14132
14134
14136
14137
14143
14146
14157
14167
14184
14197
14204
14205
14208
14208
14218
14225
14237
14252
14256
14267
14268
14271
14287
14290
14294
14295
14301
14306
14306
14314
14318
14328
14328
14333
14347
14349
14349
14352
14355
14363
14370
14376
14380
14411
14411
14411
14411
14413
14416
14420
14420
14421
14425
14433
14433
14434
14441
14448
14451
14469
14475
14481
14486
14494
14498
14499
14501
14502
14512
14513
14516
14519
14525
14527
14531
14534
14535
14535
14555
14562
14563
14569
14573
14588
14590
14605
14607
14614
14625
14626
14640
14642
14645
14646
14649
14656
14656
14658
14661
14672
14674
14682
14685
14698
14703
14711
14715
14718
14718
14719
14723
14724
14728
14728
14728
14731
14743
14751
14753
14767
14768
14775
14776
14778
14783
14784
14789
14813
14819
14822
14828
14829
14832
14836
14867
14880
14889
14893
14896
14905
14907
14910
14924
14930
14932
14950
14953
14953
14955
14959
14985
14992
14997
15001
15020
15041
15048
15050
15051
15052
15056
15068
15070
15070
15072
15079
15081
15086
15095
15099
15100
15104
15104
15107
15119
15124
15127
15128
15131
15158
15161
15171
15175
15180
15194
15204
15220
15223
15229
15230
15231
15235
15236
15251
15269
15269
15281
15294
15301
15305
15317
15317
15324
15328
15335
15337
15340
15343
15350
15359
15362
15363
15370
15372
15372
15372
15374
15382
15387
15392
15392
15397
15415
15421
15423
15428
15432
15441
15443
15450
15461
15461
15463
15468
15483
15494
15498
15498
15498
15504
15516
15538
15540
15545
15547
15563
15577
15586
15595
15597
15600
15604
15608
15615
15617
15620
15623
15625
15633
15640
15647
15663
15664
15674
15679
15684
15690
15690
15692
15692
15693
15698
15701
15710
15712
15727
15728
15731
15741
15756
15760
15774
15786
15787
15789
15790
15791
15793
15810
15832
15834
15837
15837
15838
15841
15847
15847
15849
15850
15864
15869
15873
15880
15888
15890
15898
15939
15946
15953
15956
15967
15969
15977
15980
15986
15991
16002
16006
16010
16012
16016
16018
16020
16021
16027
16031
16035
16038
16045
16054
16062
16063
16064
16081
16083
16089
16090
16098
16098
16101
16102
16102
16104
16109
16114
16129
16130
16132
16134
16137
16139
16140
16142
16149
16151
16157
16165
16170
16186
16193
16200
16201
16240
16245
16247
16255
16255
16273
16288
16299
16316
16323
16327
16327
16337
16338
16338
16354
16361
16364
16367
16375
16375
16389
16389
16393
16403
16411
16415
16416
16423
16424
16431
16443
16444
16447
16457
16467
16474
16485
16511
16530
16537
16542
16543
16557
16559
16568
16570
16572
16573
16574
16576
16589
16592
16594
16596
16606
16610
16614
16620
16620
16625
16632
16635
16643
16657
16674
16682
16686
16708
16708
16711
16714
16719
16724
16729
16735
16740
16746
16746
16781
16785
16785
16795
16798
16799
16818
16823
16825
16835
16850
16859
16859
16860
16866
16873
16878
16880
16897
16899
16901
16906
16917
16922
16927
16938
16939
16965
16966
16967
16969
16982
16995
16998
17003
17004
17004
17009
17009
17010
17012
17029
17035
17053
17057
17059
17063
17070
17088
17094
17095
17105
17106
17117
17119
17132
17133
17134
17140
17147
17151
17176
17178
17187
17201
17216
17217
17220
17221
17227
17232
17242
17245
17247
17254
17257
17263
17266
17268
17271
17280
17295
17298
17301
17313
17326
17333
17337
17338
17347
17352
17356
17357
17364
17375
17379
17396
17401
17403
17410
17413
17428
17428
17431
17445
17456
17458
17481
17483
17486
17506
17510
17510
17514
17515
17516
17521
17535
17536
17545
17549
17559
17567
17577
17577
17579
17583
17590
17598
17599
17601
17601
17605
17607
17617
17620
17646
17649
17659
17674
17678
17678
17680
17685
17702
17712
17722
17726
17733
17745
17745
17755
17760
17761
17767
17770
17775
17776
17792
17793
17804
17813
17834
17836
17838
17838
17839
17842
17842
17842
17864
17882
17906
17913
17922
17932
17934
17937
17942
17942
17943
17948
17952
17968
17973
17979
17980
17987
17991
18007
18008
18009
18016
18017
18018
18020
18022
18029
18035
18036
18071
18074
18076
18078
18078
18098
18110
18115
18115
18125
18135
18152
18155
18164
18166
18171
18179
18182
18202
18205
18212
18217
18220
18228
18232
18233
18233
18235
18255
18256
18259
18261
18279
18281
18288
18293
18296
18297
18305
18312
18315
18315
18352
18352
18360
18362
18363
18366
18380
18383
18387
18399
18400
18407
18413
18417
18417
18422
18423
18425
18426
18432
18440
18448
18452
18458
18464
18465
18480
18484
18488
18489
18497
18497
18497
18514
18528
18528
18534
18541
18543
18552
18553
18557
18559
18560
18563
18568
18574
18590
18591
18593
18596
18609
18620
18639
18646
18650
18657
18660
18663
18673
18674
18680
18685
18697
18700
18707
18719
18725
18725
18757
18781
18788
18790
18791
18791
18794
18802
18803
18804
18814
18824
18826
18831
18844
18847
18848
18849
18852
18853
18853
18854
18866
18867
18868
18872
18877
18879
18887
18896
18900
18900
18906
18910
18910
18914
18922
18923
18928
18929
18935
18951
18958
18958
18964
18964
18969
18988
18989
18992
18997
19008
19021
19026
19031
19032
19034
19034
19041
19055
19063
19069
19072
19074
19074
19080
19083
19088
19101
19108
19126
19128
19133
19133
19143
19143
19143
19146
19156
19179
19181
19191
19191
19192
19219
19231
19237
19247
19250
19252
19253
19256
19262
19262
19266
19271
19275
19275
19278
19286
19292
19295
19298
19298
19308
19322
19326
19332
19335
19341
19349
19350
19353
19355
19358
19364
19366
19377
19378
19378
19379
19386
19387
19392
19395
19397
19401
19411
19411
19421
19426
19434
19452
19453
19461
19464
19478
19482
19490
19491
19494
19512
19513
19517
19526
19526
19528
19531
19538
19539
19539
19548
19548
19561
19569
19573
19574
19580
19590
19598
19598
19609
19620
19625
19630
19630
19633
19633
19634
19655
19656
19673
19685
19695
19699
19709
19722
19729
19734
19738
19742
19746
19748
19764
19765
19766
19770
19781
19787
19791
19803
19812
19817
19824
19827
19829
19830
19837
19842
19843
19847
19852
19859
19861
19864
19869
19884
19886
19888
19901
19941
19948
19950
19954
19958
19960
19978
19985
19993
19999
20002
20003
20004
20006
20008
20010
20012
20012
20014
20023
20028
20043
20044
20045
20051
20052
20060
20069
20070
20072
20075
20082
20096
20105
20105
20121
20122
20122
20122
20140
20143
20146
20147
20150
20152
20156
20157
20157
20161
20169
20172
20177
20190
20197
20206
20217
20232
20236
20236
20242
20243
20246
20249
20255
20265
20271
20280
20282
20289
20289
20289
20292
20295
20298
20303
20303
20314
20317
20319
20330
20331
20331
20335
20341
20354
20356
20367
20374
20374
20375
20389
20397
20398
20419
20419
20422
20425
20438
20450
20463
20471
20471
20485
20498
20502
20536
20541
20555
20569
20572
20574
20578
20579
20581
20600
20614
20617
20626
20628
20630
20653
20677
20680
20688
20693
20695
20701
20703
20706
20719
20727
20741
20743
20756
20764
20766
20776
20776
20797
20801
20808
20820
20820
20839
20841
20847
20863
20876
20877
20878
20888
20918
20925
20929
20936
20942
20948
20949
20954
20956
20958
20960
20966
20970
20971
20972
20975
20983
20989
20997
21011
21012
21023
21027
21030
21037
21047
21048
21048
21062
21066
21074
21090
21093
21124
21126
21144
21164
21171
21184
21185
21185
21191
21192
21194
21204
21205
21207
21232
21236
21238
21250
21253
21287
21293
21303
21307
21312
21316
21323
21327
21329
21338
21339
21342
21342
21370
21372
21378
21390
21392
21409
21424
21424
21428
21441
21454
21473
21479
21483
21491
21498
21505
21512
21513
21519
21519
21520
21525
21527
21528
21531
21533
21534
21538
21543
21556
21558
21564
21565
21568
21576
21601
21609
21618
21620
21623
21636
21644
21644
21650
21653
21675
21676
21680
21690
21692
21700
21706
21706
21709
21730
21738
21752
21754
21756
21756
21771
21773
21774
21787
21787
21790
21791
21794
21820
21837
21839
21845
21845
21849
21851
21852
21860
21863
21871
21874
21879
21890
21894
21897
21900
21906
21913
21920
21934
21949
21950
21951
21954
21957
21967
21975
21978
21983
21997
21997
22008
22009
22016
22022
22022
22039
22044
22049
22062
22072
22074
22082
22091
22105
22126
22137
22159
22163
22173
22182
22184
22190
22194
22200
22203
22206
22206
22223
22225
22228
22231
22241
22242
22244
22245
22255
22268
22272
22274
22281
22283
22295
22307
22313
22325
22328
22333
22335
22341
22348
22349
22355
22366
22373
22382
22384
22393
22408
22410
22413
22421
22424
22436
22461
22462
22474
22489
22491
22499
22502
22521
22524
22525
22527
22528
22541
22549
22549
22556
22562
22566
22569
22570
22572
22578
22589
22593
22595
22604
22607
22610
22612
22618
22619
22623
22626
22627
22639
22644
22648
22658
22680
22689
22712
22726
22735
22744
22744
22756
22764
22772
22774
22780
22787
22797
22811
22822
22831
22834
22835
22835
22836
22841
22841
22848
22851
22871
22878
22880
22882
22885
22887
22891
22902
22910
22911
22918
22936
22939
22951
22960
22960
22960
22962
22963
22986
22989
22995
22997
23000
23002
23007
23013
23022
23035
23047
23049
23072
23100
23111
23114
23114
23121
23123
23135
23146
23148
23150
23164
23167
23169
23171
23174
23181
23187
23192
23203
23205
23206
23213
23216
23220
23248
23249
23259
23277
23278
23285
23287
23305
23312
23320
23323
23324
23326
23327
23330
23332
23333
23345
23345
23347
23349
23352
23371
23372
23372
23380
23392
23397
23397
23400
23400
23405
23414
23417
23419
23431
23439
23441
23456
23458
23460
23462
23485
23485
23487
23490
23504
23509
23510
23519
23522
23524
23525
23528
23531
23542
23542
23547
23554
23578
23581
23587
23594
23595
23598
23602
23603
23610
23614
23616
23618
23622
23624
23624
23628
23631
23631
23652
23659
23675
23677
23682
23684
23687
23689
23697
23705
23706
23714
23718
23729
23738
23739
23759
23759
23777
23803
23805
23805
23805
23809
23809
23811
23812
23826
23827
23828
23829
23831
23846
23876
23896
23905
23906
23908
23915
23931
23932
23937
23941
23942
23943
23947
23947
23965
23969
23974
23984
23986
23986
23989
23995
23998
23998
24004
24004
24006
24008
24010
24016
24019
24026
24029
24035
24043
24048
24053
24062
24080
24084
24097
24101
24101
24101
24108
24117
24120
24124
24129
24139
24145
24146
24148
24166
24178
24178
24182
24193
24194
24194
24202
24209
24216
24218
24229
24236
24246
24265
24266
24266
24287
24295
24310
24314
24314
24323
24335
24367
24375
24375
24380
24397
24404
24421
24425
24426
24430
24431
24444
24444
24447
24452
24455
24459
24461
24493
24494
24499
24500
24506
24512
24518
24519
24520
24523
24533
24549
24561
24563
24573
24574
24575
24576
24580
24585
24587
24587
24588
24607
24619
24650
24652
24652
24658
24669
24672
24676
24698
24708
24712
24718
24726
24727
24731
24736
24738
24740
24740
24743
24751
24751
24761
24782
24783
24786
24790
24800
24805
24814
24823
24828
24832
24834
24840
24841
24843
24844
24846
24853
24857
24870
24876
24886
24891
24896
24901
24906
24908
24915
24929
24933
24941
24942
24943
24956
24960
24961
24967
24977
24980
24986
24990
24996
25015
25019
25020
25024
25026
25037
25052
25078
25081
25082
25085
25092
25107
25111
25113
25114
25117
25125
25140
25158
25163
25165
25187
25197
25197
25199
25202
25216
25221
25221
25221
25222
25224
25234
25242
25243
25254
25260
25264
25274
25278
25280
25281
25287
25304
25317
25343
25354
25368
25381
25387
25389
25404
25405
25409
25412
25419
25429
25430
25431
25433
25446
25448
25450
25453
25477
25483
25490
25500
25503
25525
25526
25529
25548
25548
25550
25552
25553
25579
25610
25618
25636
25655
25670
25690
25699
25706
25710
25719
25724
25758
25767
25774
25780
25796
25800
25801
25814
25816
25826
25827
25838
25838
25838
25840
25842
25843
25855
25856
25862
25867
25873
25873
25874
25875
25896
25898
25900
25904
25908
25911
25911
25917
25921
25921
25927
25928
25940
25949
25952
25967
25989
25997
26004
26009
26019
26023
26023
26034
26034
26037
26049
26052
26058
26061
26064
26067
26077
26090
26100
26109
26111
26119
26121
26139
26146
26155
26161
26162
26175
26188
26194
26195
26214
26221
26227
26237
26239
26240
26256
26257
26267
26274
26276
26280
26280
26282
26282
26291
26309
26315
26319
26328
26337
26339
26350
26358
26375
26381
26387
26395
26395
26396
26399
26401
26402
26403
26407
26415
26426
26435
26438
26442
26445
26447
26454
26455
26458
26461
26489
26494
26502
26518
26520
26524
26525
26525
26525
26529
26542
26548
26551
26554
26558
26565
26566
26593
26596
26619
26624
26627
26630
26630
26630
26634
26635
26650
26663
26667
26668
26668
26670
26670
26685
26712
26714
26717
26727
26751
26754
26754
26765
26771
26793
26795
26808
26847
26848
26854
26864
26872
26882
26888
26895
26899
26903
26904
26915
26918
26932
26943
26945
26947
26952
26955
26958
26958
26964
26964
26974
26976
26980
26990
27001
27005
27023
27030
27030
27032
27036
27050
27053
27079
27086
27089
27120
27128
27153
27153
27154
27160
27161
27176
27177
27186
27200
27206
27230
27232
27233
27236
27244
27267
27269
27278
27280
27282
27285
27288
27290
27298
27309
27335
27339
27341
27350
27354
27381
27394
27394
27419
27430
27453
27469
27469
27473
27473
27476
27479
27484
27487
27490
27491
27493
27499
27500
27503
27518
27539
27558
27561
27575
27583
27588
27592
27592
27599
27601
27603
27613
27622
27636
27641
27651
27653
27660
27663
27671
27673
27677
27683
27688
27689
27699
27704
27707
27727
27728
27729
27757
27758
27759
27761
27762
27772
27772
27772
27775
27777
27778
27781
27783
27791
27806
27807
27807
27813
27825
27826
27828
27851
27862
27864
27864
27869
27872
27879
27881
27889
27896
27906
27923
27927
27928
27938
27942
27959
27963
27965
27967
27983
27984
27985
27990
28006
28019
28029
28036
28049
28097
28101
28102
28113
28125
28143
28144
28150
28151
28161
28168
28178
28182
28185
28188
28191
28196
28197
28201
28231
28232
28248
28249
28256
28266
28270
28271
28288
28288
28304
28307
28309
28318
28327
28337
28337
28347
28351
28360
28365
28377
28377
28387
28390
28390
28406
28407
28408
28410
28411
28418
28421
28424
28429
28431
28431
28444
28451
28452
28456
28465
28466
28467
28472
28475
28479
28484
28489
28491
28511
28519
28524
28528
28530
28531
28553
28555
28562
28567
28576
28579
28595
28597
28598
28600
28605
28606
28607
28610
28625
28635
28642
28648
28659
28669
28678
28699
28720
28723
28732
28736
28742
28742
28747
28750
28760
28770
28774
28779
28780
28784
28793
28793
28801
28803
28807
28815
28822
28827
28837
28842
28843
28843
28855
28859
28868
28873
28873
28874
28878
28878
28891
28912
28913
28920
28926
28932
28936
28942
28949
28950
28968
28978
28996
29009
29010
29015
29022
29025
29027
29027
29027
29036
29052
29058
29076
29098
29100
29101
29114
29127
29128
29132
29132
29148
29151
29169
29178
29181
29188
29194
29200
29206
29217
29218
29223
29229
29231
29232
29239
29252
29259
29277
29277
29288
29304
29310
29316
29318
29326
29328
29334
29340
29345
29354
29364
29365
29369
29377
29385
29386
29389
29398
29403
29413
29439
29439
29450
29458
29458
29461
29472
29480
29489
29489
29495
29500
29502
29514
29523
29540
29541
29544
29545
29559
29562
29572
29581
29598
29603
29614
29623
29627
29635
29635
29642
29648
29652
29665
29678
29679
29692
29704
29704
29713
29715
29718
29721
29722
29729
29740
29749
29751
29759
29766
29770
29775
29786
29802
29803
29813
29815
29817
29818
29822
29826
29828
29828
29829
29832
29833
29845
29851
29851
29852
29858
29864
29871
29871
29872
29874
29881
29886
29888
29892
29896
29901
29907
29910
29914
29917
29922
29925
29944
29957
29966
29990
30012
30012
30015
30019
30022
30026
30027
30047
30050
30056
30066
30071
30071
30081
30087
30096
30101
30104
30107
30108
30111
30123
30125
30133
30142
30155
30167
30192
30193
30199
30203
30211
30215
30225
30237
30254
30286
30287
30293
30296
30310
30315
30318
30327
30330
30339
30344
30350
30350
30357
30367
30370
30379
30386
30387
30391
30412
30417
30428
30428
30460
30464
30467
30473
30480
30486
30489
30499
30505
30507
30514
30516
30526
30529
30551
30572
30580
30582
30588
30597
30600
30604
30618
30621
30633
30633
30636
30639
30643
30652
30653
30658
30665
30667
30679
30686
30686
30687
30695
30698
30699
30709
30716
30720
30720
30734
30744
30763
30777
30788
30791
30793
30795
30802
30807
30818
30821
30823
30823
30829
30831
30837
30849
30849
30851
30852
30854
30863
30867
30872
30883
30888
30888
30936
30947
30951
30953
30953
30960
30963
30973
30978
30989
31002
31006
31018
31019
31031
31033
31036
31038
31039
31048
31053
31069
31075
31080
31090
31097
31098
31099
31106
31117
31121
31130
31144
31152
31156
31158
31162
31175
31177
31180
31181
31194
31209
31210
31218
31224
31236
31238
31249
31251
31253
31259
31264
31279
31289
31305
31313
31329
31331
31331
31337
31341
31351
31352
31352
31360
31362
31367
31370
31370
31375
31376
31383
31394
31398
31426
31431
31434
31441
31445
31452
31456
31458
31469
31473
31482
31483
31484
31486
31486
31486
31493
31504
31514
31514
31518
31524
31539
31557
31569
31592
31592
31605
31609
31611
31612
31615
31616
31622
31625
31639
31654
31663
31664
31671
31680
31683
31686
31694
31697
31714
31722
31724
31730
31730
31731
31734
31734
31736
31737
31754
31759
31762
31774
31787
31790
31795
31806
31815
31817
31820
31823
31838
31839
31842
31854
31856
31856
31860
31866
31870
31874
31887
31892
31892
31900
31903
31910
31918
31930
31932
31936
31940
31940
31944
31946
31951
31956
31966
31970
31980
32001
32012
32013
32014
32018
32018
32030
32032
32036
32052
32071
32104
32105
32107
32114
32116
32146
32150
32153
32157
32164
32167
32197
32199
32200
32209
32219
32226
32233
32235
32240
32243
32258
32271
32280
32285
32287
32289
32298
32308
32309
32312
32312
32328
32333
32344
32347
32348
32355
32360
32364
32370
32373
32376
32385
32398
32405
32407
32408
32418
32421
32421
32424
32428
32442
32445
32445
32482
32484
32491
32500
32522
32525
32525
32528
32533
32534
32536
32540
32546
32547
32553
32556
32556
32568
32570
32581
32591
32592
32616
32618
32619
32628
32641
32664
32671
32675
32677
32678
32691
32691
32695
32700
32709
32716
32727
32756
32760
32761
::::::::10000::::::::
1
2
10
10
12
13
15
17
17
19
19
24
25
31
33
34
34
34
34
42
46
46
55
60
64
68
69
78
89
91
93
103
116
117
126
126
127
131
132
136
139
146
150
162
163
166
170
176
178
180
185
190
190
191
194
197
202
204
211
221
223
226
227
228
231
240
241
262
264
265
266
268
269
271
272
276
277
286
290
296
303
303
304
305
307
310
314
314
319
330
333
333
333
337
338
339
339
341
343
350
353
356
356
357
360
361
363
366
368
372
374
379
385
389
389
391
393
393
393
394
396
398
398
412
415
415
418
418
418
428
446
460
462
465
466
467
468
471
471
477
479
484
486
491
494
500
503
503
503
504
505
505
506
506
508
510
511
515
517
529
531
536
537
537
538
542
542
546
548
550
554
560
561
562
563
563
567
569
572
586
590
591
594
613
621
624
627
638
638
640
644
647
650
651
653
654
657
659
662
665
665
666
668
671
671
674
677
678
678
680
682
683
688
689
691
696
700
701
705
710
710
712
715
723
727
730
734
735
739
742
750
755
760
772
773
775
786
788
791
801
802
803
811
814
823
823
826
828
830
831
835
838
842
844
847
849
851
851
852
862
864
869
872
878
884
885
885
887
890
891
893
899
904
908
915
916
917
925
934
937
939
942
945
950
951
953
957
959
961
973
975
975
975
978
980
985
985
986
989
994
996
1008
1008
1012
1013
1013
1016
1018
1018
1019
1020
1025
1026
1029
1034
1035
1035
1035
1043
1044
1047
1047
1052
1052
1053
1053
1060
1065
1067
1069
1070
1072
1073
1080
1083
1083
1085
1091
1096
1101
1114
1119
1123
1124
1124
1130
1142
1143
1143
1145
1147
1148
1153
1153
1155
1159
1173
1181
1181
1182
1191
1193
1194
1197
1200
1201
1202
1202
1204
1208
1209
1211
1226
1227
1236
1236
1241
1245
1248
1251
1255
1259
1269
1270
1271
1284
1284
1285
1304
1310
1314
1319
1322
1326
1329
1338
1340
1344
1347
1348
1356
1359
1359
1361
1371
1371
1372
1374
1378
1383
1387
1390
1391
1393
1407
1408
1410
1418
1424
1434
1437
1437
1445
1447
1448
1452
1452
1461
1465
1466
1466
1468
1469
1471
1477
1482
1485
1486
1486
1488
1489
1490
1492
1494
1494
1498
1503
1505
1515
1523
1527
1532
1532
1544
1549
1552
1552
1554
1560
1560
1562
1562
1567
1570
1571
1574
1575
1577
1577
1581
1584
1590
1590
1592
1592
1593
1601
1604
1605
1605
1606
1607
1608
1612
1613
1617
1619
1619
1625
1629
1630
1633
1644
1660
1663
1666
1671
1671
1673
1673
1679
1681
1683
1684
1686
1691
1691
1695
1698
1699
1701
1703
1703
1705
1705
1707
1708
1714
1716
1719
1726
1727
1727
1729
1730
1730
1733
1734
1737
1738
1739
1745
1748
1751
1752
1753
1753
1753
1758
1761
1767
1771
1780
1782
1784
1786
1786
1789
1792
1794
1804
1819
1819
1825
1828
1831
1832
1845
1850
1856
1857
1862
1869
1874
1878
1882
1882
1889
1900
1902
1903
1906
1908
1909
1910
1912
1916
1917
1918
1920
1921
1924
1926
1930
1931
1933
1936
1937
1944
1951
1957
1962
1963
1970
1970
1975
1975
1986
1989
1993
1996
1999
2002
2004
2013
2020
2020
2020
2022
2023
2026
2033
2034
2036
2037
2038
2048
2048
2055
2060
2062
2062
2070
2075
2076
2076
2077
2077
2078
2078
2079
2087
2095
2095
2098
2098
2099
2102
2117
2121
2124
2128
2138
2139
2143
2144
2144
2150
2150
2154
2155
2158
2160
2165
2169
2169
2179
2180
2183
2187
2200
2205
2211
2214
2217
2229
2238
2241
2244
2247
2254
2256
2256
2256
2259
2261
2263
2265
2270
2273
2275
2277
2279
2281
2285
2289
2289
2300
2300
2302
2304
2320
2327
2328
2329
2329
2342
2343
2344
2356
2359
2360
2360
2365
2365
2366
2368
2368
2371
2372
2373
2379
2383
2387
2391
2393
2396
2396
2398
2400
2409
2414
2415
2420
2423
2431
2432
2433
2435
2435
2442
2444
2450
2451
2452
2460
2463
2465
2470
2475
2478
2490
2491
2495
2497
2502
2508
2514
2515
2516
2521
2549
2554
2564
2585
2585
2590
2593
2600
2625
2627
2630
2639
2641
2643
2647
2652
2653
2657
2665
2666
2667
2670
2670
2672
2672
2676
2676
2677
2678
2690
2692
2694
2697
2700
2707
2712
2714
2716
2718
2720
2721
2726
2726
2726
2727
2735
2737
2747
2751
2754
2756
2761
2776
2778
2779
2785
2786
2788
2791
2792
2802
2810
2812
2814
2818
2818
2824
2824
2833
2833
2834
2837
2838
2839
2842
2843
2851
2852
2854
2863
2865
2867
2871
2873
2875
2876
2879
2882
2883
2886
2888
2889
2891
2893
2907
2908
2924
2926
2926
2930
2932
2939
2946
2946
2951
2952
2952
2953
2958
2958
2966
2968
2970
2973
2978
2990
2993
2996
2997
3001
3006
3007
3010
3014
3016
3017
3020
3032
3032
3035
3036
3036
3039
3041
3041
3048
3049
3055
3059
3061
3064
3068
3069
3073
3075
3076
3078
3080
3081
3083
3083
3090
3094
3097
3100
3102
3107
3108
3108
3109
3110
3114
3115
3129
3144
3145
3149
3150
3151
3155
3156
3160
3161
3163
3169
3170
3171
3173
3177
3182
3183
3184
3185
3191
3191
3195
3196
3197
3198
3207
3208
3212
3216
3218
3219
3223
3224
3227
3229
3232
3237
3252
3255
3255
3258
3260
3261
3264
3269
3270
3270
3270
3271
3276
3279
3281
3283
3288
3297
3300
3304
3312
3328
3333
3337
3346
3349
3349
3350
3356
3367
3367
3367
3373
3389
3389
3389
3390
3391
3395
3400
3403
3405
3408
3412
3413
3414
3417
3417
3420
3423
3425
3426
3427
3428
3431
3435
3441
3444
3444
3456
3457
3460
3470
3473
3477
3482
3488
3488
3491
3491
3491
3493
3496
3499
3500
3507
3511
3513
3516
3522
3523
3529
3530
3533
3533
3539
3540
3540
3543
3544
3548
3548
3553
3554
3554
3567
3569
3572
3574
3574
3575
3583
3586
3592
3595
3600
3601
3603
3607
3609
3611
3614
3615
3616
3620
3622
3624
3627
3642
3643
3649
3649
3650
3650
3655
3660
3664
3667
3674
3675
3677
3677
3679
3682
3682
3682
3685
3689
3693
3696
3696
3697
3697
3702
3704
3705
3709
3710
3711
3714
3714
3716
3717
3720
3723
3725
3729
3730
3735
3736
3738
3742
3744
3745
3748
3767
3768
3771
3772
3775
3776
3781
3784
3786
3789
3789
3792
3792
3796
3797
3805
3805
3809
3810
3815
3817
3821
3824
3825
3825
3844
3844
3845
3848
3850
3850
3854
3857
3858
3859
3860
3860
3866
3867
3867
3869
3874
3875
3876
3877
3883
3884
3889
3889
3894
3898
3903
3906
3923
3927
3935
3936
3939
3945
3946
3949
3958
3966
3972
3977
3979
3986
3989
3996
3996
3996
3997
3998
4002
4003
4008
4013
4014
4023
4023
4029
4036
4037
4038
4040
4044
4046
4047
4059
4067
4069
4071
4077
4078
4081
4084
4084
4091
4092
4093
4096
4105
4108
4108
4109
4114
4117
4117
4117
4121
4122
4127
4131
4134
4143
4147
4149
4158
4158
4161
4162
4162
4167
4170
4170
4173
4178
4181
4182
4183
4189
4193
4195
4203
4203
4215
4216
4218
4220
4220
4225
4227
4237
4244
4248
4257
4267
4269
4270
4271
4274
4282
4285
4289
4292
4298
4299
4300
4304
4305
4311
4312
4314
4315
4317
4322
4325
4326
4327
4327
4338
4345
4353
4357
4358
4371
4374
4385
4389
4389
4389
4391
4395
4397
4403
4405
4409
4416
4428
4436
4439
4444
4452
4462
4463
4464
4465
4465
4480
4480
4485
4486
4488
4489
4495
4496
4496
4497
4501
4504
4511
4515
4515
4516
4517
4520
4521
4525
4533
4535
4535
4541
4543
4546
4549
4558
4561
4579
4581
4581
4583
4587
4590
4590
4591
4592
4600
4603
4605
4607
4610
4612
4613
4614
4616
4619
4619
4620
4621
4621
4632
4633
4636
4639
4639
4640
4644
4644
4645
4656
4660
4668
4669
4670
4670
4672
4674
4676
4680
4684
4685
4689
4691
4692
4694
4695
4699
4704
4713
4713
4714
4715
4715
4723
4725
4732
4733
4738
4742
4743
4745
4749
4749
4752
4753
4758
4762
4763
4769
4769
4770
4771
4772
4773
4788
4791
4796
4802
4806
4813
4815
4817
4817
4818
4820
4825
4826
4829
4829
4835
4836
4837
4841
4847
4852
4864
4867
4878
4879
4881
4884
4889
4898
4899
4902
4903
4910
4916
4918
4920
4921
4929
4932
4934
4936
4949
4950
4957
4959
4965
4968
4969
4969
4971
4972
4973
4974
4975
4977
4981
4983
4985
4985
4990
4991
4997
4999
5002
5007
5008
5013
5015
5027
5036
5038
5040
5042
5056
5057
5060
5066
5068
5069
5069
5070
5080
5081
5084
5086
5088
5093
5098
5098
5100
5101
5101
5105
5106
5108
5111
5113
5113
5116
5117
5117
5119
5128
5129
5137
5137
5146
5146
5150
5150
5153
5154
5159
5164
5165
5168
5168
5189
5197
5201
5208
5211
5213
5220
5228
5231
5232
5237
5238
5241
5243
5243
5252
5254
5257
5260
5264
5266
5266
5267
5280
5284
5296
5303
5303
5304
5310
5311
5314
5317
5317
5320
5320
5330
5342
5342
5346
5347
5353
5355
5355
5358
5360
5360
5364
5366
5368
5369
5374
5376
5378
5378
5383
5384
5386
5386
5387
5387
5388
5388
5393
5398
5401
5408
5409
5412
5417
5418
5423
5427
5427
5432
5436
5437
5441
5444
5445
5446
5447
5448
5449
5453
5455
5458
5458
5459
5460
5465
5467
5467
5472
5475
5479
5482
5483
5483
5490
5492
5493
5497
5500
5502
5502
5502
5504
5510
5513
5515
5519
5527
5535
5537
5550
5552
5553
5555
5570
5577
5578
5578
5581
5592
5595
5597
5597
5598
5601
5603
5604
5604
5609
5611
5619
5620
5622
5627
5628
5630
5634
5638
5642
5642
5642
5646
5649
5653
5654
5656
5658
5660
5666
5669
5671
5675
5676
5678
5680
5681
5685
5690
5691
5692
5692
5695
5695
5699
5702
5703
5706
5709
5710
5711
5714
5714
5724
5730
5739
5741
5742
5752
5756
5756
5757
5759
5764
5783
5786
5789
5792
5797
5798
5803
5804
5804
5808
5809
5815
5816
5820
5821
5822
5822
5823
5825
5828
5831
5833
5837
5837
5853
5855
5860
5861
5863
5864
5866
5867
5871
5873
5875
5878
5880
5885
5890
5891
5892
5894
5912
5912
5916
5917
5924
5930
5939
5941
5944
5948
5949
5950
5959
5960
5967
5973
5979
5986
5993
5993
5999
6006
6006
6015
6016
6017
6019
6020
6027
6033
6034
6036
6040
6041
6044
6046
6046
6062
6062
6065
6069
6071
6073
6073
6076
6076
6080
6091
6098
6099
6100
6103
6110
6114
6122
6123
6126
6128
6137
6139
6140
6143
6143
6146
6155
6159
6159
6163
6164
6167
6168
6171
6175
6178
6178
6178
6179
6181
6182
6190
6192
6194
6194
6194
6197
6198
6207
6207
6216
6218
6222
6223
6223
6225
6230
6231
6236
6238
6238
6239
6244
6252
6258
6275
6275
6279
6283
6287
6295
6297
6304
6307
6309
6313
6313
6318
6318
6323
6324
6327
6329
6334
6337
6337
6338
6339
6345
6357
6360
6366
6371
6371
6382
6383
6387
6388
6389
6392
6392
6393
6406
6406
6410
6422
6425
6429
6434
6436
6437
6438
6438
6438
6443
6443
6444
6447
6453
6454
6455
6455
6457
6458
6458
6465
6466
6466
6466
6473
6475
6482
6487
6495
6505
6507
6507
6508
6511
6513
6517
6520
6527
6532
6534
6534
6535
6536
6542
6543
6549
6551
6566
6573
6575
6576
6578
6581
6591
6594
6601
6605
6607
6617
6617
6618
6625
6626
6627
6628
6629
6629
6632
6638
6643
6647
6647
6647
6648
6649
6652
6652
6654
6655
6666
6677
6677
6682
6683
6685
6689
6694
6696
6698
6706
6707
6709
6711
6714
6716
6720
6722
6726
6727
6730
6736
6738
6744
6746
6756
6761
6762
6762
6770
6772
6775
6777
6780
6784
6784
6791
6795
6796
6798
6800
6804
6810
6812
6815
6824
6826
6837
6842
6845
6846
6849
6852
6856
6861
6865
6866
6866
6868
6868
6869
6871
6877
6878
6880
6882
6885
6887
6894
6897
6903
6904
6914
6915
6934
6941
6941
6941
6942
6952
6952
6958
6961
6961
6967
6973
6974
6976
6983
6990
7003
7003
7008
7008
7012
7022
7025
7028
7033
7036
7039
7041
7055
7063
7064
7070
7072
7072
7078
7078
7078
7086
7088
7104
7105
7106
7107
7110
7112
7113
7119
7121
7123
7126
7129
7138
7142
7143
7147
7157
7162
7162
7167
7169
7170
7175
7178
7179
7182
7189
7194
7202
7209
7210
7212
7212
7214
7217
7219
7227
7229
7235
7240
7242
7249
7261
7265
7268
7269
7270
7273
7276
7282
7285
7290
7293
7300
7302
7302
7306
7307
7309
7311
7311
7313
7313
7314
7316
7316
7316
7324
7324
7325
7326
7329
7331
7333
7338
7338
7339
7341
7343
7343
7343
7349
7352
7357
7358
7365
7367
7369
7373
7383
7385
7385
7394
7396
7405
7405
7405
7409
7410
7410
7418
7420
7425
7427
7428
7432
7438
7439
7445
7445
7446
7456
7456
7457
7458
7460
7460
7465
7468
7473
7474
7487
7487
7491
7492
7500
7504
7511
7511
7512
7513
7513
7514
7519
7522
7530
7537
7539
7544
7546
7547
7549
7551
7553
7555
7558
7560
7562
7562
7565
7568
7569
7576
7578
7583
7588
7593
7599
7599
7601
7601
7610
7610
7611
7621
7622
7624
7624
7625
7628
7630
7634
7634
7638
7639
7640
7649
7652
7659
7663
7668
7672
7686
7689
7690
7690
7692
7695
7697
7707
7708
7709
7712
7713
7715
7715
7719
7724
7728
7731
7732
7735
7736
7740
7745
7746
7747
7750
7751
7752
7756
7757
7762
7762
7769
7770
7770
7773
7774
7774
7774
7777
7782
7792
7795
7800
7804
7805
7807
7811
7817
7820
7824
7825
7825
7827
7841
7842
7850
7854
7859
7864
7864
7865
7866
7867
7870
7871
7872
7881
7881
7882
7884
7886
7886
7894
7905
7906
7921
7926
7933
7938
7938
7942
7943
7943
7954
7954
7955
7955
7957
7964
7967
7970
7971
7972
7972
7972
7982
7985
7987
7992
7998
8001
8005
8005
8006
8006
8015
8016
8017
8020
8022
8024
8031
8038
8039
8043
8046
8048
8048
8048
8050
8062
8065
8065
8070
8071
8074
8075
8078
8083
8085
8085
8086
8088
8097
8099
8104
8107
8108
8113
8117
8117
8122
8127
8129
8142
8142
8146
8150
8153
8154
8155
8156
8166
8169
8174
8176
8184
8190
8193
8196
8197
8199
8200
8200
8202
8203
8205
8207
8209
8214
8221
8227
8228
8228
8232
8236
8242
8244
8246
8255
8262
8270
8273
8276
8277
8281
8281
8283
8287
8294
8297
8302
8308
8308
8310
8316
8319
8323
8330
8333
8335
8335
8336
8336
8337
8337
8337
8339
8343
8345
8347
8360
8362
8368
8369
8369
8376
8415
8416
8417
8418
8426
8433
8433
8435
8437
8446
8446
8448
8449
8450
8453
8459
8459
8460
8465
8469
8480
8481
8481
8483
8484
8492
8494
8496
8497
8497
8499
8506
8511
8515
8521
8523
8523
8524
8535
8541
8541
8544
8545
8546
8546
8550
8551
8555
8555
8556
8557
8563
8566
8567
8568
8569
8569
8572
8573
8580
8583
8587
8588
8588
8592
8593
8599
8599
8600
8606
8614
8625
8627
8628
8632
8633
8634
8637
8641
8642
8644
8646
8647
8650
8650
8651
8655
8655
8656
8660
8662
8664
8666
8669
8674
8675
8677
8677
8680
8682
8688
8688
8692
8692
8693
8696
8697
8703
8707
8707
8711
8722
8725
8734
8744
8746
8751
8754
8758
8763
8767
8768
8769
8770
8771
8772
8773
8773
8778
8778
8779
8791
8793
8793
8796
8800
8811
8811
8817
8820
8823
8831
8832
8838
8840
8841
8843
8846
8852
8855
8855
8856
8857
8863
8864
8864
8880
8882
8885
8888
8888
8890
8893
8896
8897
8901
8903
8904
8904
8916
8925
8932
8936
8939
8945
8948
8949
8949
8957
8957
8957
8957
8963
8972
8980
8989
8991
8994
9006
9006
9008
9011
9015
9024
9035
9036
9041
9043
9047
9048
9055
9057
9058
9067
9072
9073
9079
9080
9086
9093
9094
9095
9095
9101
9105
9106
9108
9110
9112
9113
9113
9119
9119
9122
9125
9127
9131
9139
9140
9141
9144
9145
9150
9155
9156
9156
9159
9163
9163
9163
9168
9169
9171
9172
9175
9181
9184
9187
9189
9194
9200
9216
9217
9224
9224
9229
9233
9235
9245
9260
9260
9261
9266
9270
9272
9279
9280
9289
9291
9294
9294
9298
9299
9300
9308
9310
9316
9317
9321
9323
9325
9325
9331
9341
9343
9345
9346
9347
9349
9352
9361
9365
9365
9369
9369
9373
9389
9393
9399
9402
9404
9412
9419
9425
9429
9432
9432
9432
9437
9443
9445
9445
9447
9454
9461
9461
9465
9468
9469
9470
9474
9482
9482
9485
9490
9492
9492
9493
9501
9502
9507
9511
9512
9515
9518
9522
9523
9525
9528
9528
9535
9536
9539
9551
9554
9555
9560
9560
9566
9571
9576
9581
9589
9590
9592
9593
9597
9598
9600
9600
9601
9604
9606
9607
9607
9607
9609
9611
9613
9614
9617
9618
9619
9619
9625
9626
9628
9630
9630
9631
9633
9634
9635
9637
9644
9644
9647
9648
9652
9654
9656
9657
9662
9663
9670
9676
9677
9678
9679
9680
9684
9686
9693
9693
9697
9707
9707
9716
9721
9724
9726
9727
9728
9730
9732
9733
9733
9735
9736
9738
9740
9741
9743
9750
9751
9760
9761
9763
9764
9764
9764
9770
9770
9777
9792
9799
9804
9806
9808
9808
9813
9819
9821
9823
9825
9827
9828
9833
9833
9836
9841
9843
9844
9847
9849
9849
9851
9851
9857
9858
9861
9868
9870
9872
9877
9888
9891
9896
9897
9899
9899
9901
9902
9903
9905
9906
9910
9915
9916
9920
9923
9924
9925
9925
9926
9929
9931
9933
9933
9935
9943
9944
9944
9945
9946
9953
9954
9955
9960
9961
9967
9968
9970
9973
9974
9974
9979
9983
9992
9992
9997
9999
10000
10002
10005
10011
10022
10023
10025
10025
10027
10028
10029
10030
10036
10039
10039
10040
10040
10048
10059
10060
10060
10062
10067
10068
10069
10091
10092
10093
10094
10095
10096
10108
10110
10113
10117
10118
10128
10130
10130
10131
10140
10146
10146
10147
10149
10157
10158
10159
10160
10163
10165
10166
10171
10176
10187
10190
10198
10198
10199
10200
10201
10202
10209
10213
10218
10220
10220
10221
10223
10224
10229
10230
10232
10234
10237
10240
10240
10242
10245
10247
10255
10256
10258
10262
10264
10264
10265
10265
10273
10274
10275
10287
10291
10292
10293
10294
10297
10298
10298
10301
10301
10302
10304
10307
10307
10309
10309
10316
10316
10319
10319
10322
10322
10328
10328
10329
10335
10337
10339
10345
10347
10347
10348
10358
10359
10372
10373
10379
10379
10379
10380
10384
10386
10389
10394
10404
10406
10414
10418
10422
10423
10427
10435
10442
10447
10448
10464
10465
10469
10470
10471
10476
10478
10482
10482
10487
10487
10494
10502
10508
10511
10511
10511
10515
10517
10521
10533
10537
10538
10539
10543
10546
10548
10555
10558
10562
10563
10567
10572
10573
10579
10586
10591
10596
10598
10603
10605
10610
10611
10611
10613
10628
10629
10635
10636
10636
10639
10641
10642
10651
10652
10653
10660
10662
10670
10670
10672
10674
10675
10682
10686
10687
10689
10689
10693
10693
10693
10698
10702
10702
10705
10706
10714
10715
10719
10722
10723
10723
10724
10726
10726
10727
10732
10734
10735
10736
10741
10742
10744
10747
10750
10757
10758
10760
10761
10763
10764
10772
10774
10781
10782
10784
10784
10788
10799
10801
10801
10805
10808
10811
10813
10815
10821
10821
10824
10831
10834
10835
10847
10851
10854
10858
10861
10862
10869
10874
10876
10882
10883
10887
10890
10895
10897
10900
10900
10903
10908
10908
10911
10917
10918
10920
10921
10925
10928
10934
10935
10942
10942
10948
10950
10952
10956
10970
10976
10988
10990
10991
10992
10995
10996
11003
11003
11004
11006
11011
11011
11012
11013
11019
11020
11025
11031
11036
11041
11042
11048
11058
11060
11075
11080
11081
11084
11087
11094
11098
11099
11104
11105
11105
11107
11108
11116
11118
11119
11121
11130
11134
11135
11140
11143
11145
11150
11152
11154
11157
11157
11159
11161
11162
11168
11172
11173
11173
11182
11183
11184
11191
11192
11197
11198
11202
11204
11211
11219
11224
11226
11229
11243
11255
11258
11259
11262
11265
11267
11271
11273
11275
11276
11283
11284
11285
11293
11304
11306
11308
11308
11308
11311
11312
11316
11317
11318
11320
11323
11324
11335
11339
11339
11343
11348
11350
11357
11361
11364
11366
11367
11367
11369
11370
11372
11373
11375
11375
11377
11381
11382
11383
11387
11388
11390
11391
11392
11395
11420
11421
11423
11433
11438
11438
11440
11440
11441
11446
11447
11447
11447
11448
11448
11449
11450
11450
11452
11454
11455
11459
11461
11462
11470
11470
11473
11476
11477
11479
11482
11484
11486
11495
11496
11496
11498
11500
11500
11506
11507
11511
11512
11513
11514
11520
11522
11528
11530
11539
11542
11543
11544
11549
11558
11566
11576
11577
11580
11580
11586
11586
11597
11602
11603
11612
11613
11614
11617
11620
11626
11626
11627
11628
11636
11636
11640
11649
11649
11650
11650
11659
11671
11671
11672
11675
11680
11682
11685
11688
11688
11689
11692
11695
11701
11702
11704
11708
11709
11711
11715
11721
11722
11722
11728
11732
11739
11742
11752
11753
11754
11754
11762
11767
11771
11776
11777
11778
11788
11793
11797
11801
11802
11806
11806
11810
11812
11818
11820
11823
11823
11825
11830
11832
11834
11841
11843
11845
11846
11846
11847
11847
11849
11849
11855
11856
11861
11863
11864
11868
11874
11876
11876
11882
11884
11889
11894
11900
11901
11903
11904
11923
11923
11926
11933
11933
11937
11939
11944
11950
11952
11957
11958
11958
11959
11960
11963
11966
11969
11969
11971
11972
11975
11979
11979
11986
11988
11988
11990
11990
11991
11994
11998
12003
12008
12010
12011
12011
12012
12014
12020
12025
12027
12028
12033
12034
12042
12044
12045
12046
12047
12049
12056
12056
12063
12065
12072
12072
12073
12079
12079
12086
12089
12089
12094
12094
12094
12099
12103
12103
12105
12108
12111
12113
12118
12118
12121
12124
12125
12131
12138
12147
12150
12152
12158
12164
12172
12174
12175
12180
12186
12186
12189
12197
12197
12197
12199
12202
12208
12210
12214
12215
12215
12217
12218
12225
12232
12247
12250
12252
12257
12260
12263
12264
12269
12272
12275
12279
12285
12286
12289
12293
12299
12302
12305
12309
12312
12315
12316
12318
12321
12321
12327
12328
12331
12332
12334
12344
12353
12354
12357
12358
12359
12363
12364
12371
12371
12378
12380
12387
12389
12399
12400
12401
12406
12410
12413
12418
12421
12425
12426
12427
12429
12433
12434
12434
12438
12447
12451
12451
12451
12452
12452
12455
12456
12457
12457
12459
12460
12461
12462
12467
12468
12468
12469
12471
12476
12491
12491
12492
12492
12499
12501
12504
12505
12508
12508
12509
12509
12521
12526
12530
12536
12537
12545
12546
12550
12551
12553
12557
12561
12561
12568
12573
12582
12586
12594
12598
12607
12609
12610
12619
12625
12626
12627
12635
12636
12642
12646
12646
12646
12649
12649
12649
12651
12667
12670
12670
12674
12677
12677
12679
12680
12685
12685
12687
12690
12690
12690
12696
12705
12709
12711
12713
12721
12724
12726
12727
12733
12736
12737
12738
12744
12744
12751
12755
12756
12757
12762
12768
12771
12773
12774
12780
12782
12785
12785
12785
12790
12791
12792
12811
12813
12815
12817
12820
12828
12829
12829
12836
12841
12842
12856
12857
12863
12864
12865
12866
12869
12874
12877
12882
12887
12888
12896
12898
12904
12909
12911
12912
12913
12919
12921
12929
12930
12931
12937
12939
12940
12941
12942
12945
12948
12948
12949
12952
12952
12953
12954
12964
12964
12968
12969
12971
12974
12979
12981
12983
12986
12987
12990
12991
12994
12998
13002
13012
13014
13017
13019
13024
13024
13031
13032
13033
13034
13039
13042
13050
13057
13059
13062
13062
13065
13069
13076
13081
13083
13089
13094
13095
13097
13105
13105
13109
13110
13111
13112
13115
13128
13129
13131
13132
13132
13136
13142
13142
13142
13142
13143
13144
13149
13155
13157
13165
13168
13169
13171
13180
13181
13189
13190
13195
13199
13201
13207
13209
13210
13211
13215
13216
13218
13224
13228
13231
13231
13236
13240
13242
13242
13249
13253
13254
13258
13259
13263
13266
13267
13267
13270
13281
13283
13286
13286
13288
13289
13293
13300
13302
13305
13306
13311
13315
13315
13316
13316
13317
13321
13325
13326
13332
13332
13339
13342
13343
13344
13352
13354
13359
13359
13364
13380
13381
13381
13387
13388
13399
13401
13409
13416
13417
13421
13426
13428
13437
13440
13442
13447
13448
13450
13450
13455
13457
13459
13464
13469
13471
13483
13485
13492
13493
13493
13496
13501
13503
13505
13507
13508
13510
13513
13515
13515
13526
13527
13528
13529
13529
13532
13533
13537
13539
13541
13542
13542
13548
13551
13553
13563
13564
13572
13572
13575
13578
13579
13580
13594
13597
13599
13599
13602
13602
13602
13603
13611
13611
13615
13619
13626
13629
13630
13636
13638
13640
13644
13646
13649
13653
13654
13656
13660
13662
13665
13667
13667
13674
13675
13676
13682
13684
13684
13687
13692
13694
13696
13700
13703
13703
13704
13711
13712
13713
13713
13714
13729
13738
13741
13741
13742
13743
13749
13752
13754
13759
13759
13768
13772
13774
13775
13775
13778
13778
13779
13779
13780
13799
13804
13809
13814
13817
13821
13833
13834
13834
13836
13837
13837
13837
13840
13846
13850
13853
13856
13857
13858
13862
13863
13864
13864
13867
13867
13871
13873
13877
13881
13881
13881
13881
13883
13883
13886
13886
13892
13896
13897
13900
13903
13913
13916
13921
13924
13928
13931
13932
13937
13938
13939
13939
13944
13944
13946
13949
13949
13950
13950
13954
13958
13960
13967
13967
13968
13968
13969
13971
13976
13977
13981
13981
13985
13992
14002
14006
14012
14014
14017
14021
14021
14023
14027
14031
14033
14036
14036
14038
14040
14043
14045
14049
14050
14051
14051
14053
14054
14055
14055
14057
14058
14060
14069
14077
14079
14080
14080
14083
14084
14089
14090
14096
14103
14103
14110
14110
14111
14116
14117
14119
14120
14123
14124
14128
14132
14133
14142
14151
14151
14153
14155
14162
14162
14163
14163
14168
14180
14180
14181
14188
14192
14194
14195
14199
14209
14211
14219
14219
14221
14224
14224
14234
14235
14236
14238
14239
14252
14254
14254
14257
14265
14265
14267
14271
14273
14273
14275
14276
14280
14281
14284
14284
14287
14289
14295
14298
14302
14324
14326
14327
14330
14341
14345
14348
14351
14354
14358
14367
14367
14369
14370
14377
14384
14387
14393
14395
14399
14401
14404
14407
14408
14409
14415
14417
14422
14424
14425
14425
14429
14429
14430
14435
14437
14437
14444
14448
14455
14455
14466
14473
14473
14474
14477
14485
14489
14489
14490
14491
14495
14499
14500
14502
14504
14506
14512
14515
14520
14522
14529
14534
14544
14545
14546
14550
14553
14561
14567
14570
14575
14581
14583
14585
14585
14595
14596
14596
14599
14601
14601
14602
14619
14624
14629
14630
14633
14637
14641
14642
14649
14651
14654
14655
14673
14679
14684
14684
14686
14696
14698
14708
14710
14715
14718
14718
14720
14725
14731
14735
14739
14740
14740
14742
14742
14743
14746
14750
14753
14754
14765
14767
14769
14771
14771
14773
14774
14783
14786
14786
14786
14800
14806
14808
14811
14816
14816
14817
14821
14823
14827
14831
14831
14831
14839
14839
14840
14842
14842
14849
14855
14855
14856
14857
14858
14864
14865
14867
14877
14880
14884
14884
14889
14892
14894
14896
14902
14908
14909
14910
14911
14915
14923
14925
14929
14932
14934
14936
14939
14942
14944
14945
14957
14959
14960
14965
14968
14969
14973
14980
14981
14981
14990
14990
14991
14991
14996
14997
15007
15008
15018
15019
15023
15023
15028
15034
15035
15037
15039
15042
15049
15050
15072
15078
15081
15083
15086
15087
15087
15096
15114
15115
15127
15129
15131
15132
15135
15135
15138
15138
15140
15143
15149
15164
15166
15167
15169
15175
15179
15180
15184
15186
15190
15194
15198
15200
15201
15204
15211
15217
15224
15226
15226
15229
15230
15236
15237
15240
15242
15243
15247
15249
15251
15257
15258
15261
15264
15269
15269
15269
15271
15275
15281
15281
15287
15288
15291
15295
15299
15302
15306
15310
15318
15319
15320
15325
15330
15332
15332
15335
15354
15358
15360
15364
15365
15368
15372
15379
15388
15388
15390
15390
15393
15394
15394
15397
15398
15398
15400
15400
15402
15405
15414
15419
15422
15422
15423
15431
15433
15443
15443
15455
15457
15461
15465
15471
15472
15472
15474
15484
15488
15490
15490
15493
15500
15501
15503
15514
15520
15522
15522
15528
15529
15535
15535
15539
15541
15542
15543
15549
15554
15555
15557
15559
15561
15563
15567
15570
15576
15581
15581
15582
15586
15589
15593
15593
15599
15600
15606
15619
15620
15620
15624
15626
15628
15635
15636
15636
15643
15644
15653
15657
15658
15658
15659
15666
15667
15669
15670
15671
15671
15677
15677
15677
15679
15682
15685
15685
15687
15689
15692
15696
15702
15704
15708
15711
15712
15713
15716
15717
15723
15728
15737
15737
15743
15745
15755
15756
15757
15757
15760
15762
15766
15767
15768
15771
15773
15777
15778
15779
15781
15785
15785
15786
15786
15788
15796
15797
15798
15798
15799
15799
15801
15804
15805
15808
15808
15809
15814
15815
15821
15822
15828
15829
15829
15830
15833
15838
15842
15846
15852
15860
15864
15870
15875
15877
15882
15885
15888
15889
15890
15896
15897
15902
15913
15914
15919
15921
15923
15927
15929
15939
15941
15944
15944
15945
15959
15961
15963
15963
15969
15974
15976
15978
15979
15982
15988
15988
15989
15991
15992
15998
15998
16005
16007
16010
16016
16019
16027
16028
16031
16032
16033
16036
16042
16047
16052
16052
16054
16057
16067
16069
16076
16078
16086
16089
16099
16104
16112
16113
16115
16119
16119
16125
16129
16131
16132
16136
16139
16141
16142
16148
16150
16151
16152
16166
16170
16170
16172
16174
16175
16181
16188
16191
16196
16197
16200
16207
16208
16209
16215
16215
16222
16224
16224
16228
16233
16233
16237
16237
16248
16259
16259
16264
16265
16269
16282
16282
16283
16284
16290
16292
16296
16306
16306
16307
16310
16310
16311
16315
16316
16324
16324
16325
16332
16333
16333
16337
16338
16342
16347
16353
16354
16356
16357
16358
16364
16368
16374
16378
16395
16406
16409
16413
16416
16421
16425
16426
16426
16430
16434
16438
16445
16446
16450
16456
16462
16464
16466
16471
16475
16475
16477
16479
16480
16484
16484
16484
16486
16493
16494
16496
16500
16508
16510
16511
16511
16514
16519
16521
16527
16528
16536
16539
16554
16555
16557
16558
16558
16559
16560
16565
16568
16574
16579
16584
16587
16588
16601
16609
16610
16611
16615
16616
16616
16616
16617
16619
16624
16624
16629
16631
16637
16638
16647
16649
16649
16658
16659
16664
16667
16668
16669
16671
16672
16674
16678
16680
16682
16685
16686
16688
16689
16690
16694
16698
16701
16702
16704
16705
16707
16711
16725
16731
16732
16735
16736
16741
16743
16748
16750
16752
16753
16756
16757
16760
16762
16763
16765
16766
16768
16769
16779
16787
16787
16791
16796
16801
16805
16807
16808
16809
16810
16812
16813
16814
16820
16821
16821
16821
16825
16830
16831
16834
16845
16847
16847
16848
16849
16850
16851
16853
16869
16872
16875
16887
16888
16901
16905
16907
16908
16912
16918
16926
16926
16928
16932
16933
16935
16941
16943
16948
16950
16960
16965
16967
16970
16975
16985
16985
16986
16988
16989
16998
16999
17000
17002
17002
17010
17012
17015
17018
17019
17019
17020
17020
17022
17025
17027
17028
17036
17038
17039
17042
17044
17045
17051
17055
17057
17057
17065
17072
17072
17075
17080
17081
17082
17089
17093
17095
17097
17100
17100
17101
17107
17113
17115
17116
17118
17125
17129
17131
17131
17138
17141
17143
17145
17163
17164
17165
17178
17188
17190
17191
17192
17196
17196
17208
17214
17214
17215
17218
17219
17221
17223
17225
17237
17248
17270
17270
17275
17277
17279
17280
17282
17286
17286
17287
17294
17295
17301
17307
17311
17319
17320
17326
17327
17333
17340
17351
17354
17354
17358
17359
17365
17365
17368
17371
17375
17385
17386
17388
17388
17390
17392
17399
17405
17406
17408
17414
17418
17419
17422
17425
17426
17429
17429
17431
17435
17439
17443
17446
17446
17451
17453
17455
17457
17464
17469
17473
17478
17479
17485
17490
17502
17503
17506
17509
17509
17511
17530
17535
17535
17540
17543
17543
17549
17550
17550
17558
17558
17559
17563
17572
17576
17578
17579
17582
17592
17595
17597
17607
17608
17609
17611
17614
17617
17618
17621
17622
17622
17624
17630
17632
17636
17645
17646
17650
17650
17655
17658
17661
17662
17663
17664
17665
17665
17668
17673
17676
17678
17681
17694
17694
17697
17698
17704
17712
17717
17723
17726
17727
17728
17728
17729
17730
17731
17736
17742
17743
17750
17752
17752
17754
17758
17760
17761
17761
17765
17765
17766
17766
17770
17770
17774
17775
17783
17805
17807
17808
17812
17813
17817
17818
17826
17830
17832
17837
17846
17847
17854
17856
17857
17857
17866
17868
17869
17871
17878
17878
17881
17883
17883
17887
17889
17890
17891
17907
17910
17912
17913
17918
17918
17924
17925
17930
17932
17934
17935
17937
17937
17938
17940
17946
17946
17949
17951
17951
17951
17952
17954
17960
17963
17963
17966
17973
17987
17989
17990
18000
18003
18004
18004
18005
18010
18013
18017
18020
18035
18036
18036
18040
18041
18043
18050
18054
18056
18056
18060
18061
18064
18064
18064
18065
18068
18076
18078
18080
18082
18082
18087
18088
18089
18090
18090
18092
18093
18103
18105
18115
18120
18121
18124
18132
18133
18134
18137
18138
18139
18140
18140
18150
18151
18156
18157
18158
18160
18161
18162
18162
18165
18166
18168
18179
18180
18181
18182
18183
18186
18188
18190
18196
18199
18200
18201
18201
18201
18203
18203
18205
18212
18214
18215
18216
18219
18226
18226
18226
18232
18236
18240
18241
18250
18254
18256
18257
18261
18268
18272
18281
18299
18312
18327
18329
18334
18334
18337
18341
18343
18346
18347
18349
18351
18357
18361
18365
18369
18372
18373
18373
18374
18379
18392
18410
18413
18428
18430
18433
18435
18439
18445
18447
18448
18452
18453
18459
18460
18471
18472
18477
18487
18491
18505
18506
18511
18522
18527
18529
18530
18530
18533
18536
18542
18545
18547
18547
18553
18555
18556
18559
18561
18566
18570
18571
18578
18580
18586
18589
18589
18592
18592
18594
18598
18605
18606
18606
18608
18609
18610
18616
18625
18625
18627
18633
18641
18643
18647
18651
18652
18658
18662
18664
18667
18668
18673
18674
18675
18675
18680
18682
18689
18696
18701
18710
18715
18716
18718
18718
18718
18723
18724
18724
18726
18730
18732
18732
18734
18734
18736
18736
18737
18741
18741
18741
18743
18744
18746
18754
18756
18756
18762
18768
18769
18777
18777
18778
18778
18780
18780
18783
18784
18786
18798
18801
18807
18807
18809
18809
18809
18811
18813
18815
18816
18821
18825
18827
18828
18829
18830
18835
18836
18839
18844
18850
18854
18855
18856
18857
18866
18867
18870
18872
18874
18875
18878
18879
18881
18882
18887
18891
18897
18900
18900
18902
18903
18904
18909
18912
18913
18918
18928
18928
18932
18936
18938
18939
18943
18945
18950
18962
18964
18966
18968
18972
18973
18977
18984
18994
18998
18999
19004
19008
19013
19014
19015
19022
19024
19025
19025
19028
19033
19034
19039
19040
19043
19045
19049
19049
19057
19058
19059
19060
19063
19069
19082
19083
19085
19088
19091
19097
19099
19100
19100
19101
19107
19108
19115
19119
19127
19132
19137
19139
19142
19144
19146
19148
19151
19155
19158
19158
19161
19165
19169
19173
19178
19180
19185
19187
19188
19191
19194
19196
19198
19199
19206
19210
19215
19217
19223
19245
19247
19253
19253
19255
19259
19261
19263
19274
19286
19286
19287
19294
19304
19306
19313
19319
19321
19322
19322
19330
19332
19334
19337
19338
19339
19344
19350
19351
19352
19360
19361
19363
19364
19377
19379
19385
19385
19386
19389
19390
19396
19396
19400
19402
19402
19406
19408
19408
19409
19409
19409
19409
19411
19412
19416
19416
19417
19418
19419
19420
19428
19429
19446
19448
19448
19449
19450
19454
19461
19463
19473
19475
19479
19481
19481
19483
19484
19486
19486
19488
19499
19499
19501
19505
19506
19508
19511
19512
19516
19516
19517
19518
19519
19530
19532
19534
19544
19549
19556
19559
19565
19567
19568
19575
19587
19598
19599
19599
19602
19604
19610
19621
19621
19641
19648
19648
19651
19654
19656
19659
19660
19665
19667
19677
19678
19678
19678
19687
19687
19687
19690
19691
19697
19699
19702
19703
19703
19706
19716
19720
19720
19724
19731
19733
19734
19734
19739
19739
19741
19743
19745
19749
19751
19755
19760
19761
19764
19764
19771
19771
19775
19778
19782
19782
19786
19790
19793
19794
19794
19807
19812
19814
19815
19823
19825
19829
19829
19838
19847
19848
19849
19850
19856
19857
19861
19862
19869
19871
19871
19876
19877
19884
19893
19897
19907
19914
19914
19920
19921
19923
19930
19933
19937
19940
19946
19950
19960
19964
19964
19976
19976
19981
19982
19982
19994
19994
19995
20006
20009
20011
20011
20024
20025
20026
20028
20033
20041
20045
20048
20049
20051
20052
20056
20060
20061
20062
20068
20069
20073
20074
20085
20092
20093
20101
20110
20111
20112
20116
20116
20121
20124
20134
20137
20144
20145
20157
20158
20160
20162
20163
20164
20175
20178
20182
20189
20190
20191
20199
20216
20217
20218
20222
20224
20224
20227
20233
20237
20238
20238
20240
20241
20243
20246
20247
20250
20250
20251
20251
20257
20257
20258
20258
20260
20262
20265
20268
20270
20270
20280
20284
20291
20292
20297
20302
20305
20307
20310
20312
20313
20315
20318
20327
20331
20337
20345
20346
20346
20348
20350
20353
20355
20358
20362
20363
20365
20365
20369
20370
20370
20371
20377
20378
20380
20385
20385
20386
20388
20391
20413
20415
20417
20421
20424
20430
20430
20430
20432
20439
20439
20443
20445
20449
20450
20455
20459
20460
20464
20466
20472
20474
20482
20484
20491
20494
20496
20496
20498
20507
20508
20512
20513
20520
20529
20537
20543
20547
20549
20557
20558
20559
20559
20569
20578
20580
20581
20583
20599
20603
20606
20614
20628
20629
20637
20640
20641
20646
20652
20652
20653
20655
20655
20655
20655
20664
20668
20669
20675
20678
20682
20687
20692
20693
20695
20695
20695
20696
20699
20700
20702
20707
20716
20717
20720
20724
20727
20729
20731
20734
20736
20738
20740
20740
20742
20746
20752
20753
20753
20759
20761
20766
20782
20787
20791
20801
20810
20812
20814
20818
20820
20822
20823
20840
20841
20847
20847
20848
20850
20861
20866
20867
20872
20872
20873
20873
20873
20880
20886
20887
20891
20893
20898
20899
20903
20908
20909
20913
20920
20926
20926
20927
20933
20940
20948
20949
20951
20951
20952
20952
20959
20963
20973
20973
20978
20978
20981
20992
20992
20994
20994
20999
21003
21004
21005
21005
21010
21013
21019
21026
21032
21040
21043
21048
21053
21055
21056
21057
21057
21062
21066
21075
21076
21078
21081
21082
21085
21094
21097
21104
21106
21109
21109
21111
21114
21114
21115
21121
21121
21125
21129
21134
21134
21136
21139
21140
21142
21142
21145
21148
21150
21151
21153
21158
21159
21160
21165
21168
21174
21177
21185
21185
21185
21191
21193
21194
21194
21221
21222
21230
21232
21234
21234
21235
21238
21239
21243
21252
21260
21264
21264
21267
21269
21271
21271
21273
21273
21283
21293
21296
21296
21299
21300
21302
21303
21307
21308
21314
21317
21318
21323
21323
21324
21328
21328
21328
21335
21341
21342
21345
21349
21351
21354
21357
21358
21366
21369
21370
21372
21373
21378
21378
21384
21391
21395
21397
21397
21401
21403
21406
21406
21407
21407
21409
21412
21415
21415
21421
21425
21432
21432
21433
21435
21440
21441
21445
21446
21447
21453
21453
21455
21455
21459
21460
21460
21466
21467
21472
21472
21475
21475
21476
21478
21482
21483
21483
21484
21490
21495
21501
21516
21520
21523
21524
21529
21531
21532
21533
21540
21542
21543
21546
21548
21549
21556
21558
21561
21563
21564
21566
21569
21570
21571
21573
21575
21576
21582
21582
21583
21585
21589
21590
21590
21590
21590
21593
21593
21593
21598
21598
21599
21600
21601
21601
21603
21604
21613
21617
21630
21632
21634
21636
21638
21639
21667
21667
21668
21669
21682
21684
21686
21692
21694
21697
21698
21698
21698
21699
21699
21701
21713
21715
21717
21722
21724
21728
21728
21729
21733
21734
21736
21739
21744
21745
21746
21756
21758
21759
21766
21769
21771
21773
21776
21788
21797
21805
21816
21818
21823
21826
21826
21827
21828
21830
21833
21844
21845
21847
21848
21859
21860
21860
21869
21869
21873
21874
21876
21877
21877
21889
21891
21893
21900
21901
21909
21911
21913
21916
21921
21922
21927
21931
21931
21931
21935
21937
21942
21942
21945
21960
21964
21965
21972
21974
21975
21977
22000
22005
22006
22007
22007
22011
22013
22021
22025
22031
22032
22040
22045
22051
22056
22063
22063
22068
22069
22070
22087
22090
22092
22093
22108
22109
22116
22121
22123
22128
22131
22136
22136
22144
22145
22147
22148
22150
22151
22151
22152
22154
22155
22161
22163
22170
22171
22172
22176
22176
22177
22182
22185
22188
22194
22195
22197
22212
22213
22218
22219
22220
22221
22226
22231
22232
22232
22232
22233
22242
22247
22255
22256
22257
22259
22259
22264
22267
22272
22275
22283
22290
22291
22294
22294
22296
22301
22303
22304
22307
22312
22312
22315
22322
22322
22323
22323
22328
22330
22331
22334
22336
22338
22354
22355
22355
22357
22364
22364
22364
22370
22371
22373
22375
22376
22378
22383
22394
22394
22405
22408
22411
22411
22414
22418
22421
22423
22424
22430
22431
22435
22439
22440
22454
22458
22459
22462
22462
22466
22474
22474
22476
22476
22478
22480
22481
22481
22481
22488
22492
22495
22498
22515
22516
22523
22530
22531
22538
22539
22539
22545
22546
22547
22555
22557
22560
22562
22564
22571
22572
22572
22574
22574
22578
22578
22583
22595
22601
22603
22603
22603
22604
22609
22612
22613
22615
22619
22622
22625
22627
22635
22640
22648
22650
22650
22650
22662
22667
22671
22672
22675
22679
22680
22682
22685
22687
22689
22689
22692
22695
22699
22702
22708
22714
22715
22718
22720
22721
22723
22725
22726
22731
22733
22735
22736
22746
22746
22746
22749
22751
22753
22756
22760
22762
22764
22776
22783
22784
22793
22794
22799
22804
22805
22807
22810
22811
22815
22820
22821
22821
22821
22828
22832
22836
22836
22838
22841
22843
22844
22855
22857
22869
22873
22876
22879
22882
22882
22888
22891
22892
22901
22902
22904
22905
22906
22908
22912
22914
22914
22922
22925
22926
22928
22930
22934
22936
22937
22937
22938
22939
22941
22942
22945
22945
22948
22948
22954
22962
22964
22965
22968
22972
22972
22974
22976
22978
22980
22981
22990
22990
22998
22998
23001
23008
23011
23013
23014
23019
23023
23024
23035
23036
23037
23038
23041
23054
23060
23061
23064
23065
23065
23065
23065
23067
23071
23074
23080
23081
23086
23087
23091
23092
23094
23094
23095
23098
23102
23102
23103
23107
23108
23109
23113
23114
23117
23123
23124
23124
23124
23127
23128
23131
23132
23133
23135
23136
23140
23144
23148
23149
23150
23157
23157
23162
23162
23169
23179
23179
23184
23185
23189
23192
23192
23199
23201
23202
23208
23211
23215
23219
23221
23222
23225
23226
23226
23235
23240
23245
23247
23250
23251
23251
23256
23258
23258
23260
23263
23270
23273
23274
23274
23277
23277
23280
23280
23282
23288
23293
23294
23297
23297
23297
23302
23305
23309
23311
23314
23315
23317
23317
23325
23325
23330
23333
23334
23337
23338
23345
23348
23351
23351
23353
23355
23359
23359
23360
23362
23365
23373
23373
23374
23376
23376
23377
23378
23378
23387
23392
23394
23401
23404
23418
23418
23420
23421
23424
23425
23428
23437
23440
23443
23444
23445
23445
23448
23448
23453
23453
23454
23462
23469
23471
23480
23486
23487
23492
23494
23506
23514
23514
23515
23520
23522
23524
23526
23533
23537
23540
23543
23544
23553
23555
23557
23557
23562
23565
23571
23573
23580
23587
23588
23590
23594
23595
23604
23610
23613
23614
23614
23616
23617
23618
23619
23620
23621
23624
23630
23637
23639
23640
23642
23646
23646
23647
23651
23657
23660
23663
23667
23667
23672
23682
23684
23688
23689
23689
23693
23697
23698
23702
23703
23710
23718
23721
23723
23725
23730
23734
23735
23738
23739
23740
23743
23747
23748
23749
23750
23751
23751
23752
23753
23760
23760
23764
23775
23776
23776
23779
23780
23781
23790
23793
23794
23795
23796
23803
23807
23811
23814
23825
23831
23833
23839
23842
23842
23843
23849
23851
23852
23857
23862
23869
23870
23872
23872
23873
23879
23884
23891
23892
23892
23895
23896
23896
23898
23901
23904
23904
23914
23915
23924
23924
23933
23934
23935
23936
23937
23940
23941
23943
23945
23947
23954
23954
23961
23961
23965
23969
23971
23974
23978
23991
23992
24009
24017
24017
24021
24026
24033
24038
24039
24041
24049
24054
24056
24058
24061
24062
24069
24071
24077
24079
24088
24093
24105
24107
24114
24115
24121
24124
24126
24127
24127
24128
24131
24135
24139
24142
24144
24150
24152
24153
24155
24161
24161
24161
24162
24178
24181
24191
24191
24197
24202
24203
24204
24211
24213
24223
24231
24231
24233
24234
24236
24236
24237
24239
24248
24252
24262
24262
24271
24272
24273
24276
24283
24287
24290
24291
24294
24294
24296
24298
24298
24301
24303
24309
24312
24322
24323
24327
24333
24335
24338
24340
24343
24343
24345
24345
24347
24359
24362
24363
24364
24365
24367
24367
24368
24375
24385
24385
24388
24393
24406
24407
24409
24414
24417
24418
24423
24428
24429
24444
24446
24448
24448
24452
24455
24456
24460
24471
24481
24487
24492
24496
24499
24502
24511
24511
24519
24520
24524
24527
24528
24539
24542
24543
24547
24560
24563
24567
24572
24575
24576
24577
24577
24577
24593
24594
24599
24600
24600
24603
24613
24618
24619
24633
24635
24635
24635
24642
24643
24645
24657
24661
24663
24663
24673
24679
24679
24680
24686
24686
24690
24690
24691
24693
24695
24696
24697
24703
24717
24717
24718
24719
24724
24727
24728
24738
24741
24743
24747
24750
24758
24761
24768
24770
24775
24777
24778
24779
24779
24783
24784
24785
24788
24788
24789
24792
24793
24794
24796
24803
24816
24831
24832
24832
24832
24835
24835
24837
24840
24847
24854
24860
24863
24864
24865
24866
24872
24873
24874
24881
24881
24884
24885
24890
24893
24894
24895
24896
24898
24899
24902
24907
24908
24908
24908
24914
24919
24921
24923
24927
24931
24935
24937
24941
24942
24943
24948
24949
24958
24959
24962
24965
24971
24979
24980
24982
24983
24987
24987
24989
24993
25002
25003
25005
25009
25019
25021
25026
25030
25032
25032
25035
25038
25045
25051
25052
25052
25053
25054
25062
25063
25065
25066
25068
25069
25075
25082
25082
25084
25084
25086
25109
25109
25114
25115
25118
25128
25129
25136
25144
25148
25149
25154
25158
25160
25167
25168
25168
25169
25169
25171
25174
25175
25178
25191
25194
25194
25195
25198
25203
25204
25207
25212
25218
25219
25220
25221
25226
25231
25232
25241
25247
25247
25250
25250
25250
25253
25254
25260
25261
25261
25264
25268
25271
25272
25273
25276
25291
25291
25300
25301
25302
25303
25307
25309
25311
25313
25314
25322
25329
25331
25335
25338
25348
25350
25352
25356
25361
25376
25377
25380
25383
25385
25386
25386
25395
25398
25401
25403
25407
25407
25410
25415
25419
25420
25423
25426
25428
25431
25434
25439
25442
25443
25446
25447
25448
25450
25450
25459
25460
25464
25469
25470
25471
25471
25477
25478
25478
25479
25480
25488
25488
25493
25495
25495
25500
25500
25507
25508
25513
25514
25515
25523
25523
25524
25525
25528
25528
25528
25538
25539
25542
25544
25547
25547
25560
25561
25565
25566
25569
25570
25573
25574
25578
25584
25587
25590
25591
25592
25593
25596
25596
25598
25600
25600
25601
25603
25604
25604
25609
25610
25611
25618
25621
25623
25628
25629
25630
25630
25633
25634
25636
25644
25644
25649
25656
25657
25658
25659
25660
25662
25683
25689
25690
25692
25694
25697
25706
25709
25718
25719
25724
25725
25727
25733
25735
25740
25746
25746
25753
25754
25755
25755
25758
25761
25761
25765
25778
25784
25790
25793
25796
25799
25809
25810
25812
25814
25816
25817
25818
25818
25819
25821
25825
25828
25830
25833
25835
25836
25843
25846
25851
25854
25860
25860
25860
25877
25878
25880
25889
25894
25896
25905
25907
25908
25919
25921
25922
25923
25925
25926
25932
25932
25934
25936
25936
25943
25944
25947
25948
25951
25958
25959
25962
25966
25969
25971
25977
25977
25979
25985
25987
25995
25997
25998
26007
26007
26008
26009
26011
26015
26020
26023
26024
26027
26028
26039
26040
26043
26048
26050
26051
26056
26064
26065
26065
26067
26067
26079
26082
26088
26089
26091
26093
26098
26102
26105
26110
26111
26121
26124
26126
26130
26131
26132
26138
26145
26149
26152
26153
26154
26158
26160
26162
26174
26175
26176
26176
26178
26180
26180
26192
26194
26198
26198
26200
26205
26210
26222
26224
26225
26225
26233
26237
26241
26241
26243
26252
26262
26265
26273
26273
26275
26275
26276
26276
26277
26284
26286
26291
26293
26300
26304
26306
26309
26312
26313
26318
26318
26322
26325
26326
26332
26334
26336
26339
26342
26348
26350
26351
26354
26355
26355
26356
26359
26361
26363
26367
26367
26369
26377
26380
26383
26389
26396
26402
26403
26404
26404
26405
26408
26410
26412
26412
26414
26415
26417
26417
26424
26436
26436
26446
26451
26453
26455
26457
26465
26466
26470
26478
26480
26489
26497
26499
26504
26511
26511
26512
26514
26518
26524
26533
26535
26540
26541
26545
26547
26550
26566
26566
26567
26567
26574
26575
26577
26580
26580
26583
26584
26595
26596
26596
26598
26598
26599
26599
26600
26603
26603
26606
26608
26613
26614
26618
26621
26622
26624
26629
26631
26631
26634
26635
26637
26639
26643
26643
26644
26646
26649
26654
26656
26665
26665
26670
26676
26678
26685
26689
26694
26695
26701
26701
26702
26703
26708
26711
26713
26714
26716
26717
26718
26726
26736
26737
26740
26753
26757
26759
26759
26771
26774
26776
26780
26780
26785
26785
26787
26791
26798
26806
26807
26819
26831
26832
26836
26841
26843
26847
26849
26853
26858
26860
26873
26876
26877
26880
26884
26894
26896
26898
26898
26900
26908
26918
26919
26924
26925
26929
26932
26933
26938
26942
26943
26943
26944
26949
26949
26952
26955
26960
26961
26972
26974
26981
26983
26984
26986
26989
26989
26989
26994
27000
27008
27009
27009
27019
27023
27024
27024
27033
27033
27035
27037
27040
27046
27047
27049
27051
27052
27054
27058
27065
27076
27076
27077
27081
27082
27084
27090
27098
27099
27101
27113
27113
27114
27119
27128
27140
27142
27143
27145
27145
27147
27148
27151
27156
27159
27163
27165
27165
27167
27171
27171
27172
27172
27172
27176
27177
27178
27179
27184
27187
27192
27197
27201
27202
27206
27206
27210
27211
27212
27213
27213
27222
27223
27227
27230
27240
27244
27253
27258
27262
27263
27266
27268
27274
27281
27286
27288
27289
27294
27299
27302
27304
27306
27312
27321
27327
27329
27332
27333
27336
27337
27343
27344
27345
27351
27357
27364
27365
27365
27365
27367
27374
27374
27375
27379
27379
27388
27388
27394
27395
27400
27411
27416
27417
27419
27423
27426
27427
27432
27433
27433
27433
27440
27441
27445
27447
27448
27458
27468
27479
27484
27489
27489
27489
27489
27489
27491
27501
27503
27505
27507
27515
27521
27523
27540
27544
27546
27548
27549
27549
27551
27555
27559
27562
27566
27574
27574
27575
27576
27578
27581
27587
27592
27604
27605
27621
27621
27622
27633
27633
27642
27645
27649
27651
27652
27652
27653
27654
27661
27663
27674
27677
27681
27684
27688
27689
27691
27692
27692
27701
27713
27714
27716
27720
27721
27721
27727
27728
27729
27732
27735
27736
27736
27738
27738
27742
27747
27748
27750
27751
27755
27758
27761
27766
27768
27772
27776
27778
27779
27785
27790
27800
27801
27803
27804
27804
27807
27809
27812
27817
27825
27827
27840
27842
27847
27847
27849
27850
27851
27853
27859
27860
27861
27864
27865
27868
27868
27868
27869
27870
27880
27880
27892
27895
27895
27899
27901
27901
27904
27905
27911
27917
27920
27921
27926
27927
27928
27930
27932
27937
27937
27952
27953
27959
27960
27961
27961
27972
27972
27973
27973
27974
27980
27982
27984
27985
27990
27997
28003
28015
28020
28026
28035
28035
28041
28045
28045
28050
28052
28053
28053
28054
28055
28056
28059
28061
28063
28065
28068
28072
28079
28079
28084
28093
28096
28099
28116
28116
28121
28124
28126
28131
28131
28132
28142
28144
28145
28150
28152
28154
28158
28158
28158
28162
28164
28166
28167
28167
28167
28169
28178
28185
28188
28189
28189
28202
28214
28219
28219
28220
28236
28237
28239
28241
28246
28248
28253
28255
28259
28261
28261
28261
28262
28262
28265
28272
28279
28286
28287
28289
28291
28294
28296
28317
28319
28320
28321
28321
28327
28330
28331
28332
28340
28342
28343
28343
28346
28349
28350
28355
28363
28364
28366
28367
28368
28372
28374
28376
28376
28377
28378
28379
28380
28380
28383
28385
28392
28394
28397
28400
28403
28404
28405
28409
28411
28424
28427
28428
28433
28433
28434
28442
28453
28456
28459
28466
28467
28475
28476
28480
28481
28487
28489
28490
28493
28493
28496
28500
28502
28515
28524
28537
28538
28538
28539
28540
28542
28542
28544
28557
28564
28569
28576
28582
28596
28598
28599
28601
28603
28604
28608
28608
28610
28618
28619
28620
28627
28638
28642
28643
28652
28653
28654
28656
28657
28658
28660
28661
28669
28669
28670
28671
28671
28671
28683
28685
28686
28695
28696
28700
28700
28702
28704
28705
28706
28706
28711
28714
28717
28718
28723
28724
28725
28727
28728
28728
28729
28731
28735
28736
28736
28738
28742
28747
28748
28750
28750
28753
28757
28759
28761
28767
28774
28774
28775
28776
28780
28782
28785
28787
28792
28793
28795
28797
28797
28799
28800
28801
28804
28808
28809
28817
28819
28820
28820
28821
28821
28824
28825
28826
28830
28830
28832
28836
28843
28846
28852
28854
28858
28860
28860
28863
28863
28871
28872
28876
28877
28882
28886
28887
28889
28891
28892
28893
28897
28897
28898
28905
28905
28905
28909
28909
28910
28915
28915
28917
28932
28936
28938
28939
28941
28944
28957
28960
28961
28964
28968
28977
28980
28980
28981
28982
28984
28984
28991
28991
28993
28994
29002
29002
29002
29009
29011
29013
29015
29024
29028
29029
29034
29034
29037
29037
29046
29054
29056
29064
29065
29073
29074
29076
29078
29080
29088
29090
29096
29099
29101
29101
29106
29106
29108
29108
29111
29114
29118
29120
29127
29133
29134
29134
29135
29136
29139
29145
29152
29153
29154
29156
29158
29159
29166
29168
29171
29173
29174
29180
29180
29189
29191
29195
29195
29196
29198
29205
29206
29211
29211
29212
29215
29217
29218
29221
29224
29225
29230
29231
29231
29231
29237
29240
29247
29250
29250
29251
29251
29258
29258
29261
29284
29285
29296
29301
29302
29313
29317
29317
29321
29322
29324
29327
29329
29334
29341
29351
29352
29356
29360
29365
29366
29371
29374
29379
29380
29381
29383
29385
29391
29402
29404
29404
29429
29439
29446
29446
29456
29460
29463
29467
29468
29469
29474
29477
29477
29477
29480
29481
29487
29494
29499
29503
29509
29509
29511
29516
29516
29520
29521
29522
29529
29531
29533
29534
29542
29544
29547
29555
29557
29560
29568
29578
29579
29583
29585
29586
29590
29594
29597
29598
29600
29602
29605
29605
29607
29612
29617
29624
29630
29639
29640
29644
29648
29651
29655
29658
29659
29664
29673
29681
29683
29687
29688
29704
29705
29706
29707
29707
29713
29714
29715
29719
29722
29725
29727
29727
29731
29732
29747
29748
29749
29751
29751
29752
29754
29756
29757
29758
29760
29764
29777
29777
29778
29784
29785
29785
29785
29786
29786
29790
29790
29802
29802
29808
29809
29820
29824
29831
29831
29831
29831
29834
29839
29839
29852
29854
29856
29856
29857
29859
29863
29865
29867
29871
29878
29879
29884
29887
29888
29890
29893
29895
29898
29901
29903
29905
29907
29910
29917
29922
29923
29930
29939
29941
29953
29955
29960
29961
29963
29965
29972
29974
29977
29979
29980
29981
29984
29987
30001
30003
30007
30008
30009
30010
30016
30016
30021
30031
30032
30033
30036
30037
30051
30057
30059
30059
30060
30069
30069
30078
30079
30080
30084
30086
30088
30089
30091
30092
30093
30093
30097
30098
30102
30104
30119
30121
30126
30127
30131
30131
30132
30148
30150
30151
30162
30162
30168
30168
30170
30172
30172
30174
30176
30178
30183
30185
30194
30195
30198
30199
30200
30202
30202
30207
30209
30212
30216
30217
30221
30223
30225
30226
30227
30227
30233
30235
30238
30238
30239
30243
30243
30249
30249
30249
30249
30251
30251
30252
30254
30257
30259
30260
30265
30265
30265
30273
30284
30285
30296
30303
30306
30307
30310
30313
30316
30318
30321
30321
30322
30325
30328
30329
30330
30331
30336
30338
30344
30345
30350
30356
30360
30368
30373
30377
30377
30381
30384
30385
30393
30395
30399
30404
30405
30405
30412
30419
30429
30430
30432
30440
30445
30446
30446
30448
30449
30450
30452
30452
30460
30463
30463
30467
30468
30475
30479
30480
30484
30485
30492
30493
30494
30495
30497
30500
30501
30502
30503
30505
30524
30525
30526
30527
30529
30530
30535
30537
30538
30539
30539
30542
30544
30546
30550
30556
30565
30566
30567
30568
30570
30572
30575
30577
30579
30579
30580
30584
30587
30590
30592
30595
30606
30607
30611
30611
30614
30619
30620
30621
30625
30629
30636
30638
30641
30643
30649
30649
30649
30655
30657
30669
30678
30680
30680
30684
30685
30688
30691
30694
30697
30699
30700
30701
30707
30713
30713
30729
30735
30738
30744
30750
30753
30754
30755
30758
30758
30760
30762
30763
30768
30773
30778
30780
30780
30782
30785
30785
30787
30788
30791
30793
30797
30800
30802
30802
30803
30805
30810
30821
30821
30821
30823
30826
30827
30827
30834
30837
30840
30841
30841
30846
30848
30850
30857
30862
30862
30863
30874
30875
30875
30884
30891
30903
30904
30905
30908
30914
30916
30924
30929
30929
30935
30938
30939
30944
30952
30954
30956
30959
30967
30971
30972
30978
30980
30985
30989
30992
30996
30996
30999
31000
31010
31013
31013
31014
31018
31019
31020
31021
31024
31026
31028
31033
31040
31042
31044
31044
31044
31046
31050
31068
31087
31089
31091
31099
31099
31101
31103
31104
31107
31110
31113
31113
31120
31131
31136
31139
31141
31142
31148
31158
31160
31161
31162
31165
31167
31167
31169
31171
31173
31181
31182
31183
31184
31193
31198
31200
31201
31201
31207
31210
31222
31224
31224
31227
31227
31229
31234
31242
31242
31248
31250
31251
31254
31257
31259
31260
31262
31272
31273
31273
31273
31275
31279
31285
31288
31289
31291
31292
31294
31299
31300
31300
31300
31300
31302
31305
31309
31314
31314
31329
31336
31337
31339
31342
31343
31346
31347
31349
31353
31360
31360
31363
31366
31370
31371
31376
31381
31382
31383
31387
31388
31389
31390
31393
31395
31401
31401
31407
31410
31415
31417
31419
31421
31426
31426
31427
31427
31438
31438
31441
31443
31455
31456
31458
31463
31468
31474
31480
31480
31482
31487
31488
31488
31489
31490
31490
31490
31497
31500
31501
31504
31511
31517
31521
31522
31525
31526
31527
31527
31529
31530
31532
31538
31566
31566
31573
31573
31574
31574
31580
31585
31587
31595
31597
31599
31611
31612
31613
31614
31614
31617
31620
31620
31622
31626
31635
31637
31638
31643
31648
31649
31650
31655
31657
31660
31666
31666
31666
31667
31667
31668
31670
31673
31680
31680
31686
31688
31688
31691
31693
31697
31698
31707
31707
31709
31716
31717
31719
31721
31724
31726
31726
31727
31728
31730
31732
31732
31734
31736
31738
31747
31747
31748
31749
31750
31751
31753
31754
31755
31759
31761
31763
31765
31769
31771
31774
31778
31779
31781
31782
31786
31786
31788
31793
31798
31799
31801
31803
31805
31810
31812
31813
31815
31817
31823
31829
31832
31835
31838
31843
31844
31845
31851
31852
31852
31855
31863
31865
31868
31870
31874
31875
31876
31879
31882
31883
31883
31884
31884
31886
31890
31892
31893
31900
31901
31901
31908
31908
31916
31921
31922
31924
31926
31932
31932
31933
31935
31945
31947
31947
31948
31957
31958
31959
31960
31964
31965
31969
31971
31978
31988
32001
32003
32008
32009
32009
32015
32020
32021
32023
32025
32027
32027
32027
32039
32040
32045
32047
32048
32049
32054
32055
32063
32064
32065
32067
32072
32074
32085
32085
32090
32092
32092
32102
32104
32109
32109
32112
32114
32118
32122
32123
32124
32124
32129
32131
32132
32140
32143
32145
32149
32151
32151
32154
32155
32156
32157
32157
32165
32173
32179
32179
32180
32182
32186
32190
32192
32193
32196
32196
32196
32202
32208
32212
32214
32215
32215
32222
32227
32227
32228
32233
32242
32244
32245
32249
32250
32252
32262
32262
32266
32268
32269
32280
32283
32287
32288
32295
32298
32302
32303
32304
32305
32305
32306
32313
32317
32322
32322
32329
32335
32338
32340
32343
32344
32347
32348
32349
32349
32351
32352
32353
32358
32366
32367
32371
32371
32376
32377
32387
32391
32399
32403
32403
32405
32411
32412
32412
32418
32422
32422
32426
32427
32432
32445
32450
32452
32458
32461
32467
32472
32475
32477
32480
32481
32486
32486
32489
32491
32497
32499
32499
32503
32507
32508
32509
32509
32513
32518
32519
32519
32530
32535
32536
32541
32545
32545
32548
32559
32561
32561
32563
32564
32565
32569
32578
32579
32580
32581
32585
32587
32591
32592
32594
32596
32598
32601
32610
32616
32618
32619
32625
32627
32629
32629
32630
32632
32635
32638
32639
32641
32647
32650
32652
32654
32657
32659
32662
32664
32669
32676
32677
32679
32682
32684
32699
32699
32700
32700
32701
32709
32710
32718
32723
32734
32734
32739
32741
32744
32745
32756
32764
32767
