node    10
left    -1
right   -1

node    7       10
left    -1      7
right   -1      -1

node    4       7       10
left    -1      4       7
right   -1      -1      -1

node    4       7       8       10
left    -1      4       -1      7
right   -1      8       -1      -1

node    4       7       8       10      12
left    -1      4       -1      7       -1
right   -1      8       -1      12      -1

node    4       7       8       10      11      12
left    -1      4       -1      7       -1      11
right   -1      8       -1      12      -1      -1

*******************************************************
******                  RESULT                  *******
*******************************************************
RESULT IS:  4 7 8 10 11 12 !!!!!!!
